   1 "\340\262\206+\340\262\256\340\263\215"    1    6.996943   7.989006   2.772250
   2 "\340\262\247\340\263\215-\340\262\205"   22   67.157661 159.482559 150.096863
   3 "\340\262\247\340\263\215-\340\262\206"    5   35.443996  34.719551  23.322466
   4 "\340\262\247\340\263\215-\340\262\207"    4   13.331593  15.716753  10.993156
   5 "\340\262\247\340\263\215-\340\262\210"    2   14.747391  28.464336   2.000420
   6 "\340\262\247\340\263\215-\340\262\211"    2    1.999484   1.999488   1.999484
   7 "\340\262\247\340\263\215-\340\262\212"    3   17.710926  27.002831  30.727806
   8 "\340\262\263\340\263\215-\340\262\205"   50   96.235130 224.716599 252.771393
   9 "\340\262\263\340\263\215-\340\262\206"    4   10.433548  52.630432  14.689305
  10 "\340\262\263\340\263\215-\340\262\207"   32   91.857635 216.082321 167.647675
  11 "\340\262\263\340\263\215-\340\262\211"   31  235.146149 258.310883 424.586121
  12 "\340\262\263\340\263\215-\340\262\212"    1    4.622527  12.180547   4.699897
  13 "\340\262\263\340\263\215-\340\262\216"    6   28.765486   9.364908  10.181612
  14           "sp" 1005  44693.652344
  15 "\340\262\260\340\263\215+\340\262\205"  187  464.902527 388.452240 276.215759
  16 "\340\262\260\340\263\215+\340\262\206"   51  213.407745 153.187958  99.258270
  17 "\340\262\260\340\263\215+\340\262\207"   43   86.233383  65.256958  51.144226
  18 "\340\262\260\340\263\215+\340\262\210"    5   23.379087   7.977870   6.981934
  19 "\340\262\260\340\263\215+\340\262\211"   68  190.724686 176.352585 295.171844
  20 "\340\262\260\340\263\215+\340\262\212"    5   21.756222  12.346887   9.789615
  21 "\340\262\260\340\263\215+\340\262\216"   25   67.249886  58.651997  60.749454
  22 "\340\262\260\340\263\215+\340\262\217"    3    5.752786   3.999747   5.690801
  23 "\340\262\260\340\263\215+\340\262\222"    2    4.475419   4.361751   5.551495
  24 "\340\262\260\340\263\215+\340\262\223"    4   39.367420  13.667680  10.433216
  25 "\340\262\225\340\263\215-\340\262\216+\340\262\256\340\263\215"    3   16.442608   5.848351   6.376542
  26 "\340\262\230\340\263\215-\340\262\205"    7   79.810013  39.365410  24.905479
  27 "\340\262\230\340\263\215-\340\262\206"    2   17.549713   6.136600   5.860852
  28 "\340\262\230\340\263\215-\340\262\223"    1   19.921989   5.037437   3.036628
  29 "\340\262\257\340\263\215"    2    7.085931   3.609663   2.007351
  30 "\340\262\225\340\263\215+\340\262\205"   67  246.653717 166.400421 111.756660
  31 "\340\262\225\340\263\215+\340\262\206"   21   54.183723  47.649685  80.090691
  32 "\340\262\225\340\263\215+\340\262\207"   20   50.085899  59.285221 134.446045
  33 "\340\262\225\340\263\215+\340\262\210"    2    6.999135   5.897198   3.169011
  34 "\340\262\225\340\263\215+\340\262\211"   17   51.910854  47.202160  44.183926
  35 "\340\262\225\340\263\215+\340\262\212"    7   17.472988  20.422468  15.481949
  36 "\340\262\225\340\263\215+\340\262\213"    3    7.260749   4.000482   6.861475
  37 "\340\262\225\340\263\215+\340\262\216"   35   79.086395 140.923294  81.733459
  38 "\340\262\225\340\263\215+\340\262\217"    1    1.101727   1.944576   6.444946
  39 "\340\262\225\340\263\215+\340\262\222"   15   22.079742  29.225706  54.174137
  40 "\340\262\225\340\263\215+\340\262\223"    2    2.000541   5.646411   2.217721
  41 "\340\262\207+\340\262\256\340\263\215"   10   57.467583  41.185841  27.898466
  42 "\340\262\250\340\263\215-\340\262\205"   88  153.379608 344.398132 563.540710
  43 "\340\262\250\340\263\215-\340\262\206"   33   96.684486 273.801147 145.467987
  44 "\340\262\250\340\263\215-\340\262\207"   23   47.277592 151.459167  80.346680
  45 "\340\262\250\340\263\215-\340\262\210"    1    2.842579  12.004270   6.881467
  46 "\340\262\250\340\263\215-\340\262\211"   29  406.977356 213.443100 402.949066
  47 "\340\262\250\340\263\215-\340\262\212"   16   50.116058 143.236588  85.007202
  48 "\340\262\250\340\263\215-\340\262\216"   34  305.775024  85.674416  46.012436
  49 "\340\262\250\340\263\215-\340\262\217"   15   29.401188 140.954193 122.635902
  50 "\340\262\250\340\263\215-\340\262\220"    1    7.001369   1.022322   4.079857
  51 "\340\262\250\340\263\215-\340\262\222"    1    1.002241   5.028110   1.003116
  52 "\340\262\250\340\263\215-\340\262\223"    1    3.089112   5.005931   2.824118
  53 "\340\262\226\340\263\215"    8   25.796652  31.452600  75.030853
  54 "\340\262\245\340\263\215+\340\262\205"   13   69.966225  37.123009  43.466824
  55 "\340\262\245\340\263\215+\340\262\206"    8   34.198322  20.101643  21.269825
  56 "\340\262\245\340\263\215+\340\262\207"    2   12.128196   8.440054   2.446763
  57 "\340\262\245\340\263\215+\340\262\210"    1    2.485893   1.261236   1.038875
  58 "\340\262\245\340\263\215+\340\262\216"    3   13.673751   8.478026   3.083212
  59 "\340\262\245\340\263\215+\340\262\217"    1    8.111154   4.321493   1.527595
  60 "\340\262\241\340\263\215-\340\262\205+\340\262\256\340\263\215"    1    2.474741   2.201636   1.000052
  61 "\340\262\225\340\263\215-\340\262\217+\340\262\256\340\263\215"    1    4.982152   1.326563   6.563083
  62 "\340\262\247\340\263\215"    5   26.042551  36.481609  14.005375
  63 "\340\262\262\340\263\215-\340\262\207+\340\262\256\340\263\215"    4    6.752658   4.277652   6.341353
  64 "\340\262\246\340\263\215+\340\262\205"  200  548.736511 357.519684 286.803680
  65 "\340\262\246\340\263\215+\340\262\206"   13   40.647011  26.880957  27.887220
  66 "\340\262\246\340\263\215+\340\262\207"   48  149.008072  85.378311  69.700859
  67 "\340\262\246\340\263\215+\340\262\210"    1    1.160391   9.196743   1.542493
  68 "\340\262\246\340\263\215+\340\262\211"   54  111.208145 137.743149 168.748047
  69 "\340\262\246\340\263\215+\340\262\212"    5   23.984030  22.194328   9.997561
  70 "\340\262\246\340\263\215+\340\262\213"    2    4.170247  16.675903   3.069358
  71 "\340\262\246\340\263\215+\340\262\216"   32   77.811172  61.054199  99.520775
  72 "\340\262\246\340\263\215+\340\262\217"   19   75.163719  74.084297  32.592140
  73 "\340\262\246\340\263\215+\340\262\222"    6   21.215958  23.399954  16.544214
  74 "\340\262\270\340\263\215"   45  153.788300 439.992889 184.273346
  75 "\340\262\265\340\263\215-\340\262\205+\340\262\256\340\263\215"    1    0.999957   1.052770   1.021766
  76 "\340\262\271\340\263\215-\340\262\205"   27   54.716530  77.424751  78.463852
  77 "\340\262\271\340\263\215-\340\262\206"   15   62.204113 109.257973  65.402969
  78 "\340\262\271\340\263\215-\340\262\207"    9   29.204836  43.866676  34.679432
  79 "\340\262\271\340\263\215-\340\262\210"    1    7.901463  13.082017   2.014821
  80 "\340\262\271\340\263\215-\340\262\211"    7   56.112934  15.913842  15.781588
  81 "\340\262\271\340\263\215-\340\262\216"   14   40.926640  32.052353  28.701458
  82 "\340\262\271\340\263\215-\340\262\222"    4   13.852440  17.120653  16.939247
  83 "\340\262\271\340\263\215-\340\262\223"    3   10.000578  22.994671  10.666168
  84 "\340\262\237\340\263\215"   29  142.485840  98.987511  56.414703
  85 "\340\262\266\340\263\215+\340\262\205"   35  151.219086 208.426117 105.985207
  86 "\340\262\266\340\263\215+\340\262\206"    3    8.306634  18.633465  13.099282
  87 "\340\262\266\340\263\215+\340\262\207"   17   78.092979 133.908371  39.229488
  88 "\340\262\263\340\263\215-\340\262\207+\340\262\256\340\263\215"    2    2.152063   6.779144   2.000816
  89 "\340\262\246\340\263\215-\340\262\222+\340\262\256\340\263\215"    1    1.950499   2.048525   4.778972
  90 "\340\262\236\340\263\215-\340\262\206"    1    4.389753   7.639860   4.271671
  91 "\340\262\224-\340\262\256\340\263\215"    1    2.716178   6.633544   0.999968
  92 "\340\262\271\340\263\215-\340\262\222+\340\262\256\340\263\215"    6   12.099922  18.690145  22.333193
  93 "\340\262\233\340\263\215+\340\262\205"    2   24.558744  13.205288   8.440128
  94 "\340\262\233\340\263\215+\340\262\206"    2    1.999837   9.196915  68.399429
  95 "\340\262\233\340\263\215+\340\262\207"    1    1.003975   5.843685  56.146591
  96 "\340\262\233\340\263\215+\340\262\210"    1    0.999800   6.003145  31.987833
  97 "\340\262\260\340\263\215"   76  183.029083 113.761971 106.203186
  98 "\340\262\225\340\263\215-\340\262\205+\340\262\256\340\263\215"    2    7.094524   5.755922   2.097252
  99 "\340\262\250\340\263\215-\340\262\205+\340\262\256\340\263\215"    3    5.851988  12.188408   8.889017
 100 "\340\262\267\340\263\215+\340\262\205"   19   70.872704 149.782486  56.239319
 101 "\340\262\267\340\263\215+\340\262\206"    1    2.910416   7.989348   3.018943
 102 "\340\262\267\340\263\215+\340\262\207"   16   48.132500  96.388321  41.895702
 103 "\340\262\267\340\263\215+\340\262\210"    1    2.262871   7.106069   4.020823
 104 "\340\262\267\340\263\215+\340\262\216"    1    4.010908   6.980649   4.001063
 105 "\340\262\267\340\263\215+\340\262\217"    1    1.027092   5.476986   2.522659
 106 "\340\262\227\340\263\215"   22   30.672121  40.616306  52.056973
 107 "\340\262\246\340\263\215-\340\262\207+\340\262\256\340\263\215"   11   28.590981  28.363487  23.525265
 108 "\340\262\237\340\263\215-\340\262\205"   23   38.814495  89.577415  69.464821
 109 "\340\262\237\340\263\215-\340\262\206"    3   10.875664  20.325584  21.844427
 110 "\340\262\237\340\263\215-\340\262\207"   14   27.596745  83.521164  51.792549
 111 "\340\262\237\340\263\215-\340\262\210"    1    3.363062   3.092108   1.588814
 112 "\340\262\237\340\263\215-\340\262\211"    5   74.629707  44.553837  23.253008
 113 "\340\262\237\340\263\215-\340\262\212"    1    2.907482  11.784703   4.368555
 114 "\340\262\237\340\263\215-\340\262\213"    1    2.088612   1.972035   0.999709
 115 "\340\262\226\340\263\215-\340\262\205+\340\262\256\340\263\215"    4   37.257225  10.778507   8.340343
 116 "\340\262\211-\340\262\256\340\263\215"   11   82.020699  65.767502  30.819159
 117 "\340\262\244\340\263\215-\340\262\211+\340\262\256\340\263\215"    1    4.651206   0.999993   0.999993
 118 "\340\262\234\340\263\215+\340\262\205"   23   87.400581  88.095146  83.544029
 119 "\340\262\234\340\263\215+\340\262\206"    2    3.082315   5.355802   8.541838
 120 "\340\262\234\340\263\215+\340\262\207"   11   41.520042  49.205841  43.490139
 121 "\340\262\234\340\263\215+\340\262\210"    3   33.184456  13.964084  16.374422
 122 "\340\262\234\340\263\215+\340\262\211"    2    2.011435   6.926559  11.808497
 123 "\340\262\234\340\263\215+\340\262\216"    1    3.076075   4.094032   5.911489
 124 "\340\262\234\340\263\215+\340\262\220"    3   24.043665  14.186517  15.311254
 125 "\340\262\234\340\263\215+\340\262\223"    2   10.460888   9.480831   9.656650
 126 "\340\262\225\340\263\215-\340\262\206+\340\262\256\340\263\215"    1    4.972775   4.474602   3.473165
 127 "\340\262\250\340\263\215"   71  200.914429 236.352280 165.732086
 128 "\340\262\270\340\263\215-\340\262\224+\340\262\256\340\263\215"    1    0.999752   0.999752  15.104870
 129 "\340\262\216+\340\262\256\340\263\215"   17   21.178795  31.123436  62.468670
 130 "\340\262\257\340\263\215-\340\262\205"  115  178.252029 353.602539 958.541565
 131 "\340\262\257\340\263\215-\340\262\206"   31   80.485947 236.477280 242.821243
 132 "\340\262\257\340\263\215-\340\262\207"    5    7.898972  15.881584  12.007795
 133 "\340\262\257\340\263\215-\340\262\211"   16  154.352463 103.033051 148.305145
 134 "\340\262\257\340\263\215-\340\262\216"    5   41.475193  18.521976  16.799564
 135 "\340\262\257\340\263\215-\340\262\217"    1    0.999858   4.098307   3.269528
 136 "\340\262\257\340\263\215-\340\262\223"    5   21.002302  31.800289  15.901345
 137 "\340\262\254\340\263\215+\340\262\205"   34  109.753937 157.876465  90.306061
 138 "\340\262\254\340\263\215+\340\262\206"    1    1.175048   1.491048   2.530605
 139 "\340\262\254\340\263\215+\340\262\207"    5   10.020543  17.132931  12.006174
 140 "\340\262\254\340\263\215+\340\262\210"    1    3.998600   1.000237   0.999814
 141 "\340\262\254\340\263\215+\340\262\211"    2    4.648291  17.174149   7.523388
 142 "\340\262\254\340\263\215+\340\262\216"    6   30.224237  22.412912  28.567347
 143 "\340\262\254\340\263\215+\340\262\217"    3   13.287244   7.006328   4.004109
 144 "\340\262\254\340\263\215+\340\262\222"    1    1.036248   1.377449   1.457625
 145 "\340\262\254\340\263\215+\340\262\223"    1    4.847718   2.014006   6.011298
 146 "\340\262\254\340\263\215+\340\262\224"    2    8.057226   2.497924   5.517691
 147 "\340\262\270\340\263\215+\340\262\205"   60  193.770737 401.866791 174.207123
 148 "\340\262\270\340\263\215+\340\262\206"   20   77.580826 170.616364  63.953350
 149 "\340\262\270\340\263\215+\340\262\207"   34  125.198479 191.102661  91.219971
 150 "\340\262\270\340\263\215+\340\262\210"    2    5.936154  17.349827   3.680671
 151 "\340\262\270\340\263\215+\340\262\211"   24   78.368698 120.689735 119.867035
 152 "\340\262\270\340\263\215+\340\262\212"    2   10.216221  18.636293   9.420658
 153 "\340\262\270\340\263\215+\340\262\216"    2    3.798105  13.883152   9.083936
 154 "\340\262\270\340\263\215+\340\262\217"    1    2.996700   8.000158   2.852116
 155 "\340\262\270\340\263\215+\340\262\220"    1    4.719961   6.274256   2.996315
 156 "\340\262\270\340\263\215+\340\262\222"    1    1.895907  13.660126   4.856924
 157 "\340\262\270\340\263\215+\340\262\223"    1   11.492836  12.605162   4.800624
 158 "\340\262\270\340\263\215+\340\262\224"    2    5.142481  13.271181   5.993233
 159 "\340\262\271\340\263\215"    2    2.000190   2.360765   2.018302
 160 "\340\262\212-\340\262\256\340\263\215"    6   16.663025  52.691689  10.739800
 161 "\340\262\252\340\263\215-\340\262\205+\340\262\256\340\263\215"    6   12.988036  16.079212  11.552630
 162 "\340\262\244\340\263\215-\340\262\212+\340\262\256\340\263\215"    3    5.383733   4.131940   9.912858
 163 "\340\262\235\340\263\215+\340\262\223"    1    4.219227   4.219205   6.960927
 164 "\340\262\205"   37  220.943558 169.828934  83.633713
 165 "\340\262\206"   37  298.290436 376.424438 192.764206
 166 "\340\262\207"   26  138.462280 134.353851  92.189941
 167 "\340\262\210"   16   99.686569 301.234772 150.816940
 168 "\340\262\211"   33  106.294914 177.498535 688.967346
 169 "\340\262\212"    8   68.812225  71.220184  39.185707
 170 "\340\262\213"    5   32.347038  36.024601  24.497284
 171 "\340\262\216"   16   31.831072  28.716400 174.861115
 172 "\340\262\217"   22  172.066864 254.626862  76.288445
 173 "\340\262\220"   10  118.204849  26.585243  37.989902
 174 "\340\262\222"   27  161.483154 123.338181  94.988670
 175 "\340\262\223"   11   92.164650 125.500275  57.311115
 176 "\340\262\224"   15  191.079376 609.833313 243.076599
 177 "\340\262\260\340\263\215-\340\262\205"  181  253.937256 534.489136 910.326599
 178 "\340\262\260\340\263\215-\340\262\206"   49  125.162384 357.199219 201.266327
 179 "\340\262\260\340\263\215-\340\262\207"   38   84.774132 187.508438 128.910492
 180 "\340\262\260\340\263\215-\340\262\210"    5   15.004110  26.338593  18.694479
 181 "\340\262\260\340\263\215-\340\262\211"   68  503.672089 409.983795 332.714142
 182 "\340\262\260\340\263\215-\340\262\212"    5    9.117958  27.319284  29.752279
 183 "\340\262\260\340\263\215-\340\262\216"   24  140.984329  86.926636 101.935799
 184 "\340\262\260\340\263\215-\340\262\217"    3    4.116818  24.890846  19.237085
 185 "\340\262\260\340\263\215-\340\262\222"    1    1.006359   6.955030   1.896523
 186 "\340\262\260\340\263\215-\340\262\223"    4    8.847598  25.261463  16.448301
 187 "\340\262\250\340\263\215-\340\262\207+\340\262\256\340\263\215"    3    5.473911  10.972677   7.897949
 188 "\340\262\255\340\263\215+\340\262\205"   19   53.803665  70.438461  40.752007
 189 "\340\262\255\340\263\215+\340\262\206"   35  205.135422 156.822159 135.328278
 190 "\340\262\255\340\263\215+\340\262\207"    5    9.171084  15.561391  11.167120
 191 "\340\262\255\340\263\215+\340\262\210"    1    0.999940   1.014467   2.991921
 192 "\340\262\255\340\263\215+\340\262\211"    3    3.037241   8.918014  13.058053
 193 "\340\262\255\340\263\215+\340\262\212"    4    9.389680  13.295296   9.138517
 194 "\340\262\255\340\263\215+\340\262\217"    1    1.003211   5.358231   2.100173
 195 "\340\262\225\340\263\215-\340\262\205"   65  154.752945 303.810974 401.944031
 196 "\340\262\225\340\263\215-\340\262\206"   20   96.469505 174.532318  82.164032
 197 "\340\262\225\340\263\215-\340\262\207"   18   58.371925  95.201180 110.925491
 198 "\340\262\225\340\263\215-\340\262\210"    2   12.523127  30.534519   2.064926
 199 "\340\262\225\340\263\215-\340\262\211"   14  145.745026  66.313057  41.786362
 200 "\340\262\225\340\263\215-\340\262\212"    7   29.502651  57.998333  49.611904
 201 "\340\262\225\340\263\215-\340\262\213"    3    8.993382  11.996706  10.997837
 202 "\340\262\225\340\263\215-\340\262\216"   32  301.296875 222.449722 237.388718
 203 "\340\262\225\340\263\215-\340\262\222"   10   36.835690  46.196716  43.548954
 204 "\340\262\225\340\263\215-\340\262\223"    2    9.732837   8.836218  12.988071
 205 "\340\262\263\340\263\215-\340\262\216+\340\262\256\340\263\215"    1    4.712269   1.016429   0.999950
 206 "\340\262\262\340\263\215-\340\262\217+\340\262\256\340\263\215"    1    1.056924   2.407305   4.999771
 207 "\340\262\245\340\263\215-\340\262\205"   13   24.996584  36.593601  34.775963
 208 "\340\262\245\340\263\215-\340\262\206"    8   22.505293  45.548038  29.147476
 209 "\340\262\245\340\263\215-\340\262\207"    2    5.651497   3.399253   6.426405
 210 "\340\262\245\340\263\215-\340\262\210"    1    3.906224   7.198505   0.999869
 211 "\340\262\245\340\263\215-\340\262\216"    3    8.350759   4.550531   7.607273
 212 "\340\262\245\340\263\215-\340\262\217"    1    5.159479   7.904716   6.211346
 213 "\340\262\256\340\263\215+\340\262\205"   79  358.200104 234.406006 174.323395
 214 "\340\262\256\340\263\215+\340\262\206"   32  101.207527  83.580322  89.235039
 215 "\340\262\256\340\263\215+\340\262\207"   10   30.383287  66.889351  19.167702
 216 "\340\262\256\340\263\215+\340\262\210"    5   17.614021  25.623249   9.305799
 217 "\340\262\256\340\263\215+\340\262\211"   23   77.842484  84.183983 230.928925
 218 "\340\262\256\340\263\215+\340\262\212"    5   16.882168  31.209461  11.091414
 219 "\340\262\256\340\263\215+\340\262\216"    5   12.032584  16.091837  18.991348
 220 "\340\262\256\340\263\215+\340\262\217"    8   40.208447  35.466488  15.891279
 221 "\340\262\256\340\263\215+\340\262\220"    2   10.942038   5.485238  31.156040
 222 "\340\262\256\340\263\215+\340\262\222"   14   57.590794  53.692749  32.652985
 223 "\340\262\256\340\263\215+\340\262\224"    1    4.476695   2.171909   4.969140
 224 "\340\262\246\340\263\215-\340\262\205"  197  463.085968 1218.384766 1826.752441
 225 "\340\262\246\340\263\215-\340\262\206"   13   47.650776 105.133492  70.009628
 226 "\340\262\246\340\263\215-\340\262\207"   37   88.480797 214.201797 128.894943
 227 "\340\262\246\340\263\215-\340\262\210"    1    4.129223   7.019002  13.649011
 228 "\340\262\246\340\263\215-\340\262\211"   54  675.766907 365.003418 450.805237
 229 "\340\262\246\340\263\215-\340\262\212"    5   22.822351  34.976536  27.133425
 230 "\340\262\246\340\263\215-\340\262\213"    2    8.261337   8.022262   5.400987
 231 "\340\262\246\340\263\215-\340\262\216"   32  398.154938 291.467896 247.899506
 232 "\340\262\246\340\263\215-\340\262\217"   19   69.370171 145.604446 112.167404
 233 "\340\262\246\340\263\215-\340\262\222"    5   16.597429  13.748427  17.042746
 234 "\340\262\260\340\263\215-\340\262\206+\340\262\256\340\263\215"    2    2.000793  11.799418   6.088726
 235 "\340\262\243\340\263\215+\340\262\205"   28   53.569099  70.541946  71.386986
 236 "\340\262\243\340\263\215+\340\262\206"    1    1.256039   1.993663   4.830117
 237 "\340\262\243\340\263\215+\340\262\207"   12   36.223122  36.489250  27.445206
 238 "\340\262\243\340\263\215+\340\262\211"    4   14.019558   7.484324  17.853270
 239 "\340\262\243\340\263\215+\340\262\216"    6   11.421150  18.158552  23.061972
 240 "\340\262\257\340\263\215-\340\262\207+\340\262\256\340\263\215"    4    5.039522  14.257783   5.457308
 241 "\340\262\241\340\263\215"    7   14.392887  10.464100  45.336391
 242 "\340\262\266\340\263\215-\340\262\205"   35   77.034607 121.610512 133.038712
 243 "\340\262\266\340\263\215-\340\262\206"    3   14.205951  16.784338  14.603962
 244 "\340\262\266\340\263\215-\340\262\207"   17   40.471329  30.398026  42.239246
 245 "\340\262\262\340\263\215-\340\262\205+\340\262\256\340\263\215"    1    1.006699   2.129628   1.074733
 246 "\340\262\233\340\263\215-\340\262\205"    1    0.999801   0.999801   1.018585
 247 "\340\262\233\340\263\215-\340\262\206"    2   45.886471  17.853508  11.742234
 248 "\340\262\233\340\263\215-\340\262\207"    1   15.323746   2.642245   1.081426
 249 "\340\262\233\340\263\215-\340\262\210"    1   18.844662  10.157412   4.013028
 250 "\340\262\262\340\263\215"   81  248.926193 192.556458 146.103516
 251 "\340\262\260\340\263\215-\340\262\207+\340\262\256\340\263\215"    5   14.136455  13.498142  11.196136
 252 "\340\262\244\340\263\215+\340\262\205"  110  416.183136 289.518158 206.721497
 253 "\340\262\244\340\263\215+\340\262\206"   16   51.530342  45.876877  52.264431
 254 "\340\262\244\340\263\215+\340\262\207"   31  112.571259  71.350136  44.487656
 255 "\340\262\244\340\263\215+\340\262\210"    5   16.161097   9.869261   8.076364
 256 "\340\262\244\340\263\215+\340\262\211"   47  222.718643 116.519279 198.005432
 257 "\340\262\244\340\263\215+\340\262\212"    4   13.154097   8.057523  14.451336
 258 "\340\262\244\340\263\215+\340\262\216"   12   39.436756  26.655010  40.370453
 259 "\340\262\244\340\263\215+\340\262\217"    1    7.723983   8.999414   1.440655
 260 "\340\262\244\340\263\215+\340\262\220"    1    3.507085   2.034307   3.006725
 261 "\340\262\212+\340\262\256\340\263\215"    1    9.970489   7.085423   1.699824
 262 "\340\262\267\340\263\215-\340\262\205"   19   38.086319  54.987217  57.887684
 263 "\340\262\267\340\263\215-\340\262\206"    1    4.030384   8.813374   4.024234
 264 "\340\262\267\340\263\215-\340\262\207"   16   38.681774  45.524277  37.231598
 265 "\340\262\267\340\263\215-\340\262\210"    1   17.979168  13.962163   0.999972
 266 "\340\262\267\340\263\215-\340\262\216"    1    3.019722   1.000319   0.999484
 267 "\340\262\267\340\263\215-\340\262\217"    1    2.681947   6.286404   3.984034
 268 "\340\262\256\340\263\215-\340\262\211+\340\262\256\340\263\215"    5   32.402569  24.784836 114.514023
 269 "\340\262\250\340\263\215-\340\262\216+\340\262\256\340\263\215"    3   16.142818   4.556007   3.059464
 270 "\340\262\262\340\263\215-\340\262\206+\340\262\256\340\263\215"    1    1.000905   6.401898   1.363855
 271 "\340\262\234\340\263\215-\340\262\205"   23   53.072884  66.723595  58.309471
 272 "\340\262\234\340\263\215-\340\262\206"    2   10.544094  13.779752  13.759851
 273 "\340\262\234\340\263\215-\340\262\207"   11   24.721844  26.338820  34.110786
 274 "\340\262\234\340\263\215-\340\262\210"    3    8.610702  28.749842  13.255479
 275 "\340\262\234\340\263\215-\340\262\211"    2   17.641325  13.610194   2.214236
 276 "\340\262\234\340\263\215-\340\262\216"    1    2.176252   0.999998   0.999995
 277 "\340\262\234\340\263\215-\340\262\220"    3   35.736267  10.040508   6.900378
 278 "\340\262\234\340\263\215-\340\262\223"    2   12.435626  15.348996   5.418131
 279 "\340\262\252\340\263\215"   53  221.358047 115.117546 108.151314
 280 "\340\262\222-\340\262\256\340\263\215"   39  115.430916 251.168823  61.820919
 281          "sil"  194  2064.826660 44693.652344 1457.345825
 282 "\340\262\254\340\263\215-\340\262\205"   27   70.341530 178.139954 171.691788
 283 "\340\262\254\340\263\215-\340\262\206"    1    3.013842  10.741384   3.251053
 284 "\340\262\254\340\263\215-\340\262\207"    4    9.996298  13.910501  11.976048
 285 "\340\262\254\340\263\215-\340\262\210"    1    1.009494   3.094462   3.742900
 286 "\340\262\254\340\263\215-\340\262\211"    2   16.938772   2.019116   1.999620
 287 "\340\262\254\340\263\215-\340\262\216"    5   23.071165  13.876750   9.003866
 288 "\340\262\254\340\263\215-\340\262\217"    3    5.734457  15.692622  19.552050
 289 "\340\262\254\340\263\215-\340\262\222"    1    1.921159   5.975085   4.255001
 290 "\340\262\254\340\263\215-\340\262\223"    1    4.535456  12.469687   5.411539
 291 "\340\262\254\340\263\215-\340\262\224"    2   13.320753   3.718189  42.733013
 292 "\340\262\270\340\263\215-\340\262\205"   48  102.174866 147.073746 115.365669
 293 "\340\262\270\340\263\215-\340\262\206"   20   82.334763 189.466125  61.887421
 294 "\340\262\270\340\263\215-\340\262\207"   31   75.805901 134.087036 111.935921
 295 "\340\262\270\340\263\215-\340\262\210"    2    6.653886  19.105438  44.181519
 296 "\340\262\270\340\263\215-\340\262\211"   24  167.979752  85.995064 145.291458
 297 "\340\262\270\340\263\215-\340\262\212"    2    9.458121  12.212667  10.086271
 298 "\340\262\270\340\263\215-\340\262\216"    1   17.991859   8.960260   2.955530
 299 "\340\262\270\340\263\215-\340\262\217"    1    2.905672   6.289043   5.329690
 300 "\340\262\270\340\263\215-\340\262\220"    1   12.609034   1.000248   1.261338
 301 "\340\262\270\340\263\215-\340\262\222"    1    1.430665   1.124043   5.635831
 302 "\340\262\270\340\263\215-\340\262\223"    1    4.320956   1.002461   9.680609
 303 "\340\262\270\340\263\215-\340\262\224"    1    0.999774   0.999774  10.086525
 304 "\340\262\265\340\263\215+\340\262\205"  115  307.570099 277.602722 223.001053
 305 "\340\262\265\340\263\215+\340\262\206"   35  116.649529 152.334641  95.945572
 306 "\340\262\265\340\263\215+\340\262\207"   26   43.758919  29.612007  51.888214
 307 "\340\262\265\340\263\215+\340\262\211"   25   88.541039 308.755981  51.931412
 308 "\340\262\265\340\263\215+\340\262\216"   10   15.715828  15.482676  30.713762
 309 "\340\262\265\340\263\215+\340\262\217"    1    3.914402   1.005260   6.722085
 310 "\340\262\265\340\263\215+\340\262\220"    2    3.225594   3.895488  11.657539
 311 "\340\262\265\340\263\215+\340\262\222"    5   14.011604  22.376385   6.150228
 312 "\340\262\246\340\263\215-\340\262\205+\340\262\256\340\263\215"    3    7.060366   8.900844   4.151059
 313 "\340\262\235\340\263\215-\340\262\223"    1    6.308669  13.220840  16.907644
 314 "\340\262\207-\340\262\256\340\263\215"   56  118.424629 457.180695 117.844330
 315 "\340\262\271\340\263\215-\340\262\205+\340\262\256\340\263\215"    1    2.407637   2.827407   1.010171
 316 "\340\262\244\340\263\215-\340\262\207+\340\262\256\340\263\215"    1    3.703789   3.047828   1.197738
 317 "\340\262\232\340\263\215+\340\262\205"   12   33.345371  39.749229  58.077156
 318 "\340\262\232\340\263\215+\340\262\206"    5   11.993532  19.974457  31.662148
 319 "\340\262\232\340\263\215+\340\262\207"   21   66.528687  63.489738  83.803749
 320 "\340\262\232\340\263\215+\340\262\210"    2    7.529987   9.018168  13.842937
 321 "\340\262\232\340\263\215+\340\262\211"    7    9.887556  21.086399  44.184860
 322 "\340\262\232\340\263\215+\340\262\216"    1   12.822817   1.861317   1.000000
 323 "\340\262\227\340\263\215-\340\262\222+\340\262\256\340\263\215"    6   14.183891  20.626736  19.039082
 324 "\340\262\255\340\263\215-\340\262\205"   19   34.988689 110.453117  70.113647
 325 "\340\262\255\340\263\215-\340\262\206"   35  276.541107 225.935867 184.104965
 326 "\340\262\255\340\263\215-\340\262\207"    5   17.986063  18.026588  18.283031
 327 "\340\262\255\340\263\215-\340\262\210"    1    5.299177  12.747907   1.003010
 328 "\340\262\255\340\263\215-\340\262\211"    3   22.976837  11.006477  17.918919
 329 "\340\262\255\340\263\215-\340\262\212"    4    6.576782  14.415923  11.847643
 330 "\340\262\255\340\263\215-\340\262\217"    1   11.255194   1.628406   4.060197
 331 "\340\262\263\340\263\215"   16   50.074013  52.412457  44.209457
 332 "\340\262\252\340\263\215+\340\262\205"   61  245.891922 136.914093 293.531372
 333 "\340\262\252\340\263\215+\340\262\206"    9   37.054794  17.104843  12.611428
 334 "\340\262\252\340\263\215+\340\262\207"    4    7.008692   8.986743  46.989704
 335 "\340\262\252\340\263\215+\340\262\211"    7   30.285254  20.009178  32.520935
 336 "\340\262\252\340\263\215+\340\262\212"    8   61.131527  22.701633  28.013376
 337 "\340\262\252\340\263\215+\340\262\216"    1    1.001603   1.105063   1.201839
 338 "\340\262\252\340\263\215+\340\262\220"    1    1.001754   1.956884   2.477096
 339 "\340\262\252\340\263\215+\340\262\223"    2    7.946081   4.105615   2.011237
 340 "\340\262\252\340\263\215+\340\262\224"    1    1.030770   1.926644   1.035895
 341 "\340\262\232\340\263\215"    6   80.022469  17.159895  16.798754
 342 "\340\262\270\340\263\215-\340\262\207+\340\262\256\340\263\215"    3    7.585515   5.227934   6.008852
 343 "\340\262\256\340\263\215-\340\262\205"   77  129.990707 271.611481 320.971954
 344 "\340\262\256\340\263\215-\340\262\206"   32   68.755852 289.405975 146.545883
 345 "\340\262\256\340\263\215-\340\262\207"   10   22.657406  57.559864  23.401861
 346 "\340\262\256\340\263\215-\340\262\210"    5   11.656405  90.203094  56.499390
 347 "\340\262\256\340\263\215-\340\262\211"   18   90.679214  75.515404  49.539146
 348 "\340\262\256\340\263\215-\340\262\212"    5    9.046057  60.070099  27.729824
 349 "\340\262\256\340\263\215-\340\262\216"    5   81.935875  40.308434  42.989178
 350 "\340\262\256\340\263\215-\340\262\217"    8   22.153440  70.581039  42.477039
 351 "\340\262\256\340\263\215-\340\262\220"    2    8.740467  20.222307   2.438869
 352 "\340\262\256\340\263\215-\340\262\222"   14   26.074793  71.031670  27.989813
 353 "\340\262\256\340\263\215-\340\262\224"    1    1.000000   1.000000  11.038767
 354 "\340\262\253\340\263\215"    4   83.373329   5.312444  46.806423
 355 "\340\262\260\340\263\215-\340\262\216+\340\262\256\340\263\215"    1    2.283695   0.999909   0.999885
 356 "\340\262\253\340\263\215+\340\262\205"    1   23.976778   5.025685   9.765183
 357 "\340\262\253\340\263\215+\340\262\216"    1   41.614906   3.895256   3.683769
 358 "\340\262\225\340\263\215-\340\262\211+\340\262\256\340\263\215"    3    6.993231   3.835725  36.090961
 359 "\340\262\271\340\263\215-\340\262\207+\340\262\256\340\263\215"   10   39.660435  23.305599  23.270565
 360 "\340\262\243\340\263\215-\340\262\205"   28   57.186790 150.348480 253.682236
 361 "\340\262\243\340\263\215-\340\262\206"    1    1.180741  11.483948   3.398395
 362 "\340\262\243\340\263\215-\340\262\207"   12   22.255581  94.341331  57.171101
 363 "\340\262\243\340\263\215-\340\262\211"    4   45.366932  14.005100  72.795372
 364 "\340\262\243\340\263\215-\340\262\216"    6   60.897213  36.228024  30.175768
 365 "\340\262\243\340\263\215"    2    2.536430   5.625130   6.386856
 366 "\340\262\240\340\263\215+\340\262\205"    2   10.805607   4.003334  97.984955
 367 "\340\262\240\340\263\215+\340\262\210"    1    0.999753   2.999348  63.983593
 368 "\340\262\240\340\263\215+\340\262\217"    1    6.126454   2.715520   0.999991
 369 "\340\262\233\340\263\215-\340\262\205+\340\262\256\340\263\215"    1    7.096023   2.200645   1.050872
 370 "\340\262\222+\340\262\256\340\263\215"   17  118.160202  87.584221  60.946583
 371 "\340\262\256\340\263\215-\340\262\205+\340\262\256\340\263\215"    2    2.048150   2.959347   2.263418
 372 "\340\262\250\340\263\215-\340\262\212+\340\262\256\340\263\215"    2    3.440852   7.856098   2.163072
 373 "\340\262\254\340\263\215-\340\262\207+\340\262\256\340\263\215"    1    3.409944   1.600367   1.119240
 374 "\340\262\244\340\263\215-\340\262\205"  104  191.145523 465.076202 509.525696
 375 "\340\262\244\340\263\215-\340\262\206"   16   50.499916 139.643494  79.835968
 376 "\340\262\244\340\263\215-\340\262\207"   30   78.940353 224.268860 152.608551
 377 "\340\262\244\340\263\215-\340\262\210"    5   15.662212  47.227676  13.062280
 378 "\340\262\244\340\263\215-\340\262\211"   46  528.145386 273.494690 359.432251
 379 "\340\262\244\340\263\215-\340\262\212"    1    3.993863   6.953217   1.000321
 380 "\340\262\244\340\263\215-\340\262\216"   11  133.926071  71.594559  94.648735
 381 "\340\262\244\340\263\215-\340\262\217"    1    2.558704   8.031240   6.772635
 382 "\340\262\244\340\263\215-\340\262\220"    1   10.113989   1.000428   5.718558
 383 "\340\262\216-\340\262\256\340\263\215"   28  195.592667 145.167923  64.194176
 384 "\340\262\252\340\263\215-\340\262\211+\340\262\256\340\263\215"    1    3.163406   0.999886   0.999885
 385 "\340\262\244\340\263\215-\340\262\216+\340\262\256\340\263\215"    1    4.795435   1.000867   0.999929
 386 "\340\262\241\340\263\215+\340\262\205"   27   46.335869  38.919472  41.882015
 387 "\340\262\241\340\263\215+\340\262\207"   20   30.079487  23.376898  28.175970
 388 "\340\262\241\340\263\215+\340\262\211"   13   48.702438  21.241945  33.819706
 389 "\340\262\241\340\263\215+\340\262\216"    8   30.186033  14.537284  11.570509
 390 "\340\262\257\340\263\215-\340\262\205+\340\262\256\340\263\215"    3    3.997997   4.007011   5.113673
 391 "\340\262\254\340\263\215"    7   43.122028  25.341864  25.783655
 392 "\340\262\217-\340\262\256\340\263\215"    2    3.458449  10.667214   2.005491
 393 "\340\262\260\340\263\215-\340\262\205+\340\262\256\340\263\215"    6    8.204801  11.493539  11.084266
 394 "\340\262\226\340\263\215+\340\262\205"   15   26.607182  36.157166 517.157471
 395 "\340\262\226\340\263\215+\340\262\206"    4   27.484629  15.578629 147.831512
 396 "\340\262\226\340\263\215+\340\262\207"    2   10.630582   4.238170  54.498787
 397 "\340\262\226\340\263\215+\340\262\211"    1    1.000065   1.000000 113.024139
 398 "\340\262\226\340\263\215+\340\262\212"    1    1.038565   1.000556  98.963501
 399 "\340\262\226\340\263\215+\340\262\217"    1    2.649354   1.122721  92.832764
 400 "\340\262\226\340\263\215+\340\262\220"    1   15.720066   1.095718   4.003887
 401 "\340\262\226\340\263\215+\340\262\223"    2    3.005808   4.997380  94.043839
 402 "\340\262\242\340\263\215+\340\262\205"    1   10.999342   2.843197   1.040621
 403 "\340\262\242\340\263\215+\340\262\206"    1   14.824042   1.999877   3.950032
 404 "\340\262\242\340\263\215+\340\262\207"    2    7.884387   2.001405   2.030142
 405 "\340\262\270\340\263\215-\340\262\216+\340\262\256\340\263\215"    1    1.176407   1.006972   0.999846
 406 "\340\262\257\340\263\215-\340\262\206+\340\262\256\340\263\215"    2    2.886010  17.294617   6.123690
 407 "\340\262\265\340\263\215-\340\262\205"  114  174.839203 420.306580 618.398071
 408 "\340\262\265\340\263\215-\340\262\206"   35  102.568810 273.751587 142.222824
 409 "\340\262\265\340\263\215-\340\262\207"   26   93.611389 108.827774  81.123207
 410 "\340\262\265\340\263\215-\340\262\211"   25   87.728813 114.355019 126.390953
 411 "\340\262\265\340\263\215-\340\262\216"   10  112.783005 110.071915  62.317280
 412 "\340\262\265\340\263\215-\340\262\217"    1    4.286581  11.784320  11.321671
 413 "\340\262\265\340\263\215-\340\262\220"    2   20.447138   6.264178   3.668556
 414 "\340\262\265\340\263\215-\340\262\222"    3   16.729429   8.347794  11.588268
 415 "\340\262\262\340\263\215+\340\262\205"   28   80.400848  59.761353  45.249588
 416 "\340\262\262\340\263\215+\340\262\206"   15   33.293053  36.810287  40.333248
 417 "\340\262\262\340\263\215+\340\262\207"   60   76.928841 299.188934 131.048096
 418 "\340\262\262\340\263\215+\340\262\211"    9   20.779903  25.508320  41.090336
 419 "\340\262\262\340\263\215+\340\262\212"    8   20.709307  11.447862  21.473145
 420 "\340\262\262\340\263\215+\340\262\216"   12   24.656921  61.877884  42.422058
 421 "\340\262\262\340\263\215+\340\262\217"    4    7.907317   6.934214   9.603702
 422 "\340\262\244\340\263\215"   98  409.807098 218.251923 199.509735
 423 "\340\262\232\340\263\215-\340\262\205"   12   24.166775  27.291254  19.884752
 424 "\340\262\232\340\263\215-\340\262\206"    5   23.886330  33.070423  21.401726
 425 "\340\262\232\340\263\215-\340\262\207"   21   53.568867  64.361137  87.788574
 426 "\340\262\232\340\263\215-\340\262\210"    2    6.177318  26.996706   5.299672
 427 "\340\262\232\340\263\215-\340\262\211"    7   78.988159  38.971920  59.175430
 428 "\340\262\232\340\263\215-\340\262\216"    1    9.259434   3.620126   0.999999
 429 "\340\262\227\340\263\215+\340\262\205"  125  209.972626 274.195068 227.261597
 430 "\340\262\227\340\263\215+\340\262\206"    6   10.460618  16.699278  17.741373
 431 "\340\262\227\340\263\215+\340\262\207"   47   79.991310 110.808800 110.496376
 432 "\340\262\227\340\263\215+\340\262\210"    1    1.000381   4.006388   3.535282
 433 "\340\262\227\340\263\215+\340\262\211"   16   29.815290  45.409309  69.269035
 434 "\340\262\227\340\263\215+\340\262\212"    3    4.871146   5.288584  12.849812
 435 "\340\262\227\340\263\215+\340\262\216"   13   27.142752  21.218771  41.121563
 436 "\340\262\227\340\263\215+\340\262\217"    1    1.027962   2.722518   4.322262
 437 "\340\262\227\340\263\215+\340\262\222"   10   17.620285  26.023228  28.639715
 438 "\340\262\265\340\263\215"    4    7.042445   4.042184  11.929002
 439 "\340\262\252\340\263\215-\340\262\205"   55   96.362015 157.106918 166.255783
 440 "\340\262\252\340\263\215-\340\262\206"    8   18.801144  69.920326  37.106064
 441 "\340\262\252\340\263\215-\340\262\207"    4   13.338639  26.115961  35.607155
 442 "\340\262\252\340\263\215-\340\262\211"    6   19.398796  11.136045   6.315699
 443 "\340\262\252\340\263\215-\340\262\212"    8   14.684596  56.990349  58.974701
 444 "\340\262\252\340\263\215-\340\262\216"    1    1.720905   1.040467   0.999906
 445 "\340\262\252\340\263\215-\340\262\220"    1    6.948381   1.002847   4.325263
 446 "\340\262\252\340\263\215-\340\262\223"    2    2.959143  20.611925  10.132447
 447 "\340\262\252\340\263\215-\340\262\224"    1    4.006105   0.999987  26.228416
 448 "\340\262\247\340\263\215+\340\262\205"   22   63.555252  76.811401  81.319466
 449 "\340\262\247\340\263\215+\340\262\206"    5   18.692085  11.981064  17.013035
 450 "\340\262\247\340\263\215+\340\262\207"    4   13.950416   7.047385   7.998641
 451 "\340\262\247\340\263\215+\340\262\210"    2    8.129199   9.733744   2.863933
 452 "\340\262\247\340\263\215+\340\262\211"    2    6.812984  10.182752   4.035706
 453 "\340\262\247\340\263\215+\340\262\212"    3    3.999173   5.998480   9.277519
 454 "\340\262\263\340\263\215+\340\262\205"   50  133.193375  88.938797  65.510597
 455 "\340\262\263\340\263\215+\340\262\206"    4   17.355640   4.005243   6.984782
 456 "\340\262\263\340\263\215+\340\262\207"   34   75.783028  76.645927  82.969589
 457 "\340\262\263\340\263\215+\340\262\211"   31  112.388496 186.321686 161.739578
 458 "\340\262\263\340\263\215+\340\262\212"    1    3.371822   3.032438   1.622305
 459 "\340\262\263\340\263\215+\340\262\216"    7   19.938364  13.779271  15.553761
 460 "\340\262\234\340\263\215"   12   41.180622  49.666290  58.624180
 461 "\340\262\265\340\263\215-\340\262\222+\340\262\256\340\263\215"    2    2.006069   9.579892   6.106416
 462 "\340\262\237\340\263\215-\340\262\211+\340\262\256\340\263\215"    1    7.325325   0.999804   0.999804
 463 "\340\262\205-\340\262\256\340\263\215"   63  162.431122 379.752655 163.268799
 464 "\340\262\244\340\263\215-\340\262\205+\340\262\256\340\263\215"    6   11.607351  21.969103  15.981861
 465 "\340\262\230\340\263\215+\340\262\205"    8   41.537441 507.500488  39.399139
 466 "\340\262\230\340\263\215+\340\262\206"    2    7.176722 137.261902  17.356146
 467 "\340\262\230\340\263\215+\340\262\223"    1    7.047507  59.926380   2.021931
 468 "\340\262\254\340\263\215-\340\262\216+\340\262\256\340\263\215"    1    3.944198   0.999938   0.999935
 469 "\340\262\253\340\263\215-\340\262\205"    1    3.134823   4.564820   1.010523
 470 "\340\262\253\340\263\215-\340\262\216"    1    0.999441   1.277421   2.038552
 471 "\340\262\250\340\263\215+\340\262\205"   91  241.284500 187.521072 222.587799
 472 "\340\262\250\340\263\215+\340\262\206"   33  132.489960  96.008423 110.044052
 473 "\340\262\250\340\263\215+\340\262\207"   26   69.143555  59.098038  44.196590
 474 "\340\262\250\340\263\215+\340\262\210"    1    4.001845   5.993411   1.155827
 475 "\340\262\250\340\263\215+\340\262\211"   29  117.267738 170.267609 143.811264
 476 "\340\262\250\340\263\215+\340\262\212"   18   54.959789  89.702042  51.799183
 477 "\340\262\250\340\263\215+\340\262\216"   37  110.971100  73.099892 121.726074
 478 "\340\262\250\340\263\215+\340\262\217"   15   57.952660  28.501982  31.431915
 479 "\340\262\250\340\263\215+\340\262\220"    1    5.843098   3.154241   3.890222
 480 "\340\262\250\340\263\215+\340\262\222"    2    1.999669   8.228479   7.600830
 481 "\340\262\250\340\263\215+\340\262\223"    1    3.014450   1.012708   4.169112
 482 "\340\262\225\340\263\215-\340\262\222+\340\262\256\340\263\215"    5   17.997169  14.136804  15.861504
 483 "\340\262\250\340\263\215-\340\262\222+\340\262\256\340\263\215"    1    1.000389   1.791193   4.811609
 484 "\340\262\206-\340\262\256\340\263\215"    9   30.361506  30.453604  24.124311
 485 "\340\262\270\340\263\215-\340\262\205+\340\262\256\340\263\215"   12   28.178619  28.360361  25.631001
 486 "\340\262\227\340\263\215-\340\262\205+\340\262\256\340\263\215"    3   12.413001  14.401844   7.145294
 487 "\340\262\240\340\263\215-\340\262\205"    2   26.071390  10.404698   3.416490
 488 "\340\262\240\340\263\215-\340\262\210"    1    9.998068  12.269246   5.096021
 489 "\340\262\240\340\263\215-\340\262\217"    1    9.922415   8.078625   4.940480
 490 "\340\262\225\340\263\215-\340\262\207+\340\262\256\340\263\215"    2    5.038371   2.069541   2.001676
 491 "\340\262\266\340\263\215"   15   79.213173 127.922760  70.126381
 492 "\340\262\271\340\263\215+\340\262\205"   28  208.912903  94.964180 101.520615
 493 "\340\262\271\340\263\215+\340\262\206"   15   34.730125  30.249378  43.925674
 494 "\340\262\271\340\263\215+\340\262\207"   19  187.990570  44.651226  34.247044
 495 "\340\262\271\340\263\215+\340\262\210"    1    1.078009   1.004665   1.000392
 496 "\340\262\271\340\263\215+\340\262\211"    7   17.232019  15.174715  28.392546
 497 "\340\262\271\340\263\215+\340\262\216"   14   98.193825  42.465275  77.425621
 498 "\340\262\271\340\263\215+\340\262\222"   10   71.994781  26.380676  34.669308
 499 "\340\262\271\340\263\215+\340\262\223"    3    4.553802   4.724646   7.498416
 500 "\340\262\230\340\263\215-\340\262\205+\340\262\256\340\263\215"    1   12.446218   6.537105   1.000682
 501 "\340\262\227\340\263\215-\340\262\206+\340\262\256\340\263\215"    1    3.999651  10.792919   2.521299
 502 "\340\262\241\340\263\215-\340\262\205"   26   70.268745 114.910721 120.991196
 503 "\340\262\241\340\263\215-\340\262\207"   20   53.512360 108.214462  59.555931
 504 "\340\262\241\340\263\215-\340\262\211"   13   68.767387  60.642418 142.769653
 505 "\340\262\241\340\263\215-\340\262\216"    8   50.036377  24.759689  31.715462
 506 "\340\262\252\340\263\215-\340\262\206+\340\262\256\340\263\215"    1    3.991641   5.570216   6.060237
 507 "\340\262\236\340\263\215+\340\262\206"    1    2.422977   2.422976   2.935223
 508 "\340\262\256\340\263\215"   11   28.027195  41.594036  29.160316
 509 "\340\262\254\340\263\215-\340\262\205+\340\262\256\340\263\215"    7   18.984337  22.479395  18.474129
 510 "\340\262\226\340\263\215-\340\262\205"   11   65.344307  26.243698  23.126371
 511 "\340\262\226\340\263\215-\340\262\206"    4   67.622673  28.883917  17.046515
 512 "\340\262\226\340\263\215-\340\262\207"    2   25.671112   4.169957   2.104200
 513 "\340\262\226\340\263\215-\340\262\211"    1    1.000000   4.138933   4.858448
 514 "\340\262\226\340\263\215-\340\262\212"    1   15.007074   8.838679   2.939010
 515 "\340\262\226\340\263\215-\340\262\217"    1   19.795616   5.347910   5.850016
 516 "\340\262\226\340\263\215-\340\262\220"    1   23.296907   1.000811   4.434754
 517 "\340\262\226\340\263\215-\340\262\223"    2   22.999996  18.843307  10.024645
 518 "\340\262\225\340\263\215"   63  255.942947 151.998566 347.404907
 519 "\340\262\242\340\263\215-\340\262\205"    1    0.999944   1.001637   1.119079
 520 "\340\262\242\340\263\215-\340\262\206"    1    3.886558   5.125404   4.386411
 521 "\340\262\242\340\263\215-\340\262\207"    2   17.176817   8.868350  18.936468
 522 "\340\262\237\340\263\215+\340\262\205"   23   96.045082  44.235439  44.580406
 523 "\340\262\237\340\263\215+\340\262\206"    3    8.002665   3.999787   6.052009
 524 "\340\262\237\340\263\215+\340\262\207"   14   32.014297  23.564075  22.704353
 525 "\340\262\237\340\263\215+\340\262\210"    1    1.254415   1.242597   1.247105
 526 "\340\262\237\340\263\215+\340\262\211"    6   22.483753  18.723938  21.231716
 527 "\340\262\237\340\263\215+\340\262\212"    1    4.869338   2.456033   1.106306
 528 "\340\262\237\340\263\215+\340\262\213"    1    0.999755   1.004966   1.941627
 529 "\340\262\262\340\263\215-\340\262\205"   27   56.842361  99.748032 129.462265
 530 "\340\262\262\340\263\215-\340\262\206"   14   55.934978 116.646393  70.065453
 531 "\340\262\262\340\263\215-\340\262\207"   56  118.122345 593.841370 543.401611
 532 "\340\262\262\340\263\215-\340\262\211"    9   75.753197  48.170723  43.848011
 533 "\340\262\262\340\263\215-\340\262\212"    8   24.738626  36.391479  38.916477
 534 "\340\262\262\340\263\215-\340\262\216"   12  123.421082  45.472004  40.290802
 535 "\340\262\262\340\263\215-\340\262\217"    3    5.896966  17.990910  13.811277
 536 "\340\262\246\340\263\215"   37  176.674652 105.169785  64.208878
 537 "\340\262\260\340\263\215-\340\262\222+\340\262\256\340\263\215"    1    1.001488   1.116456   3.358424
 538 "\340\262\257\340\263\215+\340\262\205"  118  292.038208 376.442993 314.937317
 539 "\340\262\257\340\263\215+\340\262\206"   33   98.963989 101.117683  99.775932
 540 "\340\262\257\340\263\215+\340\262\207"    9   17.965149  12.779964  10.109242
 541 "\340\262\257\340\263\215+\340\262\211"   16   46.245247  68.262917  47.706619
 542 "\340\262\257\340\263\215+\340\262\216"    5   17.867788  13.721126  10.772087
 543 "\340\262\257\340\263\215+\340\262\217"    1    3.586232   4.306213   0.999761
 544 "\340\262\257\340\263\215+\340\262\223"    5   29.016304  21.851265  12.989657
 545 "\340\262\227\340\263\215-\340\262\205"  122  423.010956 434.883972 375.404633
 546 "\340\262\227\340\263\215-\340\262\206"    5   26.554119  61.449795  19.332436
 547 "\340\262\227\340\263\215-\340\262\207"   47  182.187698 331.457672 260.014496
 548 "\340\262\227\340\263\215-\340\262\210"    1    4.456200  15.028924   2.104120
 549 "\340\262\227\340\263\215-\340\262\211"   16  123.077690  88.741562 243.866440
 550 "\340\262\227\340\263\215-\340\262\212"    3   16.952082  40.897934  22.668543
 551 "\340\262\227\340\263\215-\340\262\216"   13  171.681519 117.473106 147.687729
 552 "\340\262\227\340\263\215-\340\262\217"    1    5.039145  10.814087   3.317953
 553 "\340\262\227\340\263\215-\340\262\222"    4   16.421957  20.794287  14.096991
 554 "\340\262\267\340\263\215"   21   74.921387 210.584595  58.063408
