   1 "\340\262\206+\340\262\256\340\263\215"    1    6.861459   7.518532   2.863461
   2 "\340\262\247\340\263\215-\340\262\205"   22   69.695908 175.765259 166.220932
   3 "\340\262\247\340\263\215-\340\262\206"    5   36.637413  34.461094  23.488235
   4 "\340\262\247\340\263\215-\340\262\207"    4   10.150893  19.324774  13.251667
   5 "\340\262\247\340\263\215-\340\262\210"    2    8.641639  34.500740   2.000115
   6 "\340\262\247\340\263\215-\340\262\211"    2    1.999690   1.999694   1.999690
   7 "\340\262\247\340\263\215-\340\262\212"    3   17.433867  27.509071  36.657459
   8 "\340\262\263\340\263\215-\340\262\205"   50   91.557404 228.190201 332.073914
   9 "\340\262\263\340\263\215-\340\262\206"    4   11.852210  50.951279  14.277591
  10 "\340\262\263\340\263\215-\340\262\207"   32   93.429237 210.915588 193.250320
  11 "\340\262\263\340\263\215-\340\262\211"   31  263.697113 264.803101 450.215607
  12 "\340\262\263\340\263\215-\340\262\212"    1    3.419490  12.596150   4.227739
  13 "\340\262\263\340\263\215-\340\262\216"    6   30.372379  10.521084   8.068939
  14           "sp" 1005  43932.167969
  15 "\340\262\260\340\263\215+\340\262\205"  187  474.008911 425.238495 367.884827
  16 "\340\262\260\340\263\215+\340\262\206"   51  204.456116 167.526901 125.337624
  17 "\340\262\260\340\263\215+\340\262\207"   43   81.675377  67.354012  48.955761
  18 "\340\262\260\340\263\215+\340\262\210"    5   21.817142   8.290922   7.134388
  19 "\340\262\260\340\263\215+\340\262\211"   68  208.048492 190.133469 300.339569
  20 "\340\262\260\340\263\215+\340\262\212"    5   25.346516  14.778444  10.206071
  21 "\340\262\260\340\263\215+\340\262\216"   25   64.195427  55.871086  69.914169
  22 "\340\262\260\340\263\215+\340\262\217"    3    7.454710   4.131512   6.061359
  23 "\340\262\260\340\263\215+\340\262\222"    2    4.248437   4.163286   6.233307
  24 "\340\262\260\340\263\215+\340\262\223"    4   38.705788  14.380368  11.597086
  25 "\340\262\225\340\263\215-\340\262\216+\340\262\256\340\263\215"    3   15.486583   4.074755   4.483150
  26 "\340\262\230\340\263\215-\340\262\205"    7   66.768250  52.279068  25.355707
  27 "\340\262\230\340\263\215-\340\262\206"    2   69.079041  11.464965  12.354466
  28 "\340\262\230\340\263\215-\340\262\223"    1   19.538645   5.349277   3.921466
  29 "\340\262\257\340\263\215"    2    7.795366   2.286145   2.000612
  30 "\340\262\225\340\263\215+\340\262\205"   67  243.339417 196.438126 102.791466
  31 "\340\262\225\340\263\215+\340\262\206"   21   97.944977  65.563530  22.986357
  32 "\340\262\225\340\263\215+\340\262\207"   20   53.733002  52.268303  37.080166
  33 "\340\262\225\340\263\215+\340\262\210"    2    7.280318   6.558617   2.024666
  34 "\340\262\225\340\263\215+\340\262\211"   17   75.690567  60.452732  42.244038
  35 "\340\262\225\340\263\215+\340\262\212"    7   17.274775  24.589977  13.588986
  36 "\340\262\225\340\263\215+\340\262\213"    3   10.169771   5.642219   3.797575
  37 "\340\262\225\340\263\215+\340\262\216"   35   83.272461 156.929352  93.442093
  38 "\340\262\225\340\263\215+\340\262\217"    1    2.650419   5.885520   1.198827
  39 "\340\262\225\340\263\215+\340\262\222"   15   27.302717  34.415668  27.261324
  40 "\340\262\225\340\263\215+\340\262\223"    2    2.002704   6.632147   2.055183
  41 "\340\262\207+\340\262\256\340\263\215"   10   59.037449  44.845825  11.915396
  42 "\340\262\250\340\263\215-\340\262\205"   88  150.293198 369.559204 559.327209
  43 "\340\262\250\340\263\215-\340\262\206"   33   95.332993 274.299164 150.358032
  44 "\340\262\250\340\263\215-\340\262\207"   23   43.669525 149.657257  85.372734
  45 "\340\262\250\340\263\215-\340\262\210"    1    2.212689  12.917151   6.064423
  46 "\340\262\250\340\263\215-\340\262\211"   29  398.917023 235.285645 395.209686
  47 "\340\262\250\340\263\215-\340\262\212"   16   48.597073 145.545715  76.456497
  48 "\340\262\250\340\263\215-\340\262\216"   34  302.480164  95.539169  60.221230
  49 "\340\262\250\340\263\215-\340\262\217"   15   27.531427 154.978989 114.481934
  50 "\340\262\250\340\263\215-\340\262\220"    1    6.236268   4.773958   1.000226
  51 "\340\262\250\340\263\215-\340\262\222"    1    1.027472   5.001148   1.015599
  52 "\340\262\250\340\263\215-\340\262\223"    1    2.773878   5.660004   2.293552
  53 "\340\262\226\340\263\215"    8   25.904163  21.925587  74.990257
  54 "\340\262\245\340\263\215+\340\262\205"   13   58.879009  46.407368  48.124218
  55 "\340\262\245\340\263\215+\340\262\206"    8  112.412659  32.769924  17.766043
  56 "\340\262\245\340\263\215+\340\262\207"    2   13.514672   9.542011   3.932882
  57 "\340\262\245\340\263\215+\340\262\210"    1    1.827865   1.842320   1.139090
  58 "\340\262\245\340\263\215+\340\262\216"    3   13.042072   9.919181   4.999723
  59 "\340\262\245\340\263\215+\340\262\217"    1    6.652733   4.556938   2.191553
  60 "\340\262\241\340\263\215-\340\262\205+\340\262\256\340\263\215"    1    2.013282   2.135235   1.000006
  61 "\340\262\225\340\263\215-\340\262\217+\340\262\256\340\263\215"    1    4.205060   5.070010   4.625017
  62 "\340\262\247\340\263\215"    5   22.714279  36.241997  12.949597
  63 "\340\262\262\340\263\215-\340\262\207+\340\262\256\340\263\215"    4    6.910553   4.940350   6.159235
  64 "\340\262\246\340\263\215+\340\262\205"  200  529.825378 386.370300 306.609192
  65 "\340\262\246\340\263\215+\340\262\206"   13   40.582306  23.154043  32.155529
  66 "\340\262\246\340\263\215+\340\262\207"   48  141.490311  82.524757  74.251968
  67 "\340\262\246\340\263\215+\340\262\210"    1    1.033607   8.610208   2.015173
  68 "\340\262\246\340\263\215+\340\262\211"   54   98.529022 143.654037 192.033630
  69 "\340\262\246\340\263\215+\340\262\212"    5   13.938848  23.987143   9.998219
  70 "\340\262\246\340\263\215+\340\262\213"    2    4.950282  15.879208   3.332720
  71 "\340\262\246\340\263\215+\340\262\216"   32   83.625908  58.898731 100.518753
  72 "\340\262\246\340\263\215+\340\262\217"   19   67.463264  78.063248  31.834240
  73 "\340\262\246\340\263\215+\340\262\222"    6   17.562820  23.933424  18.471853
  74 "\340\262\270\340\263\215"   45  149.760651 389.973328 216.131592
  75 "\340\262\265\340\263\215-\340\262\205+\340\262\256\340\263\215"    1    0.999929   0.999929   0.999947
  76 "\340\262\271\340\263\215-\340\262\205"   27   44.922424  72.754578  56.263638
  77 "\340\262\271\340\263\215-\340\262\206"   15   53.136749 112.164787  66.158455
  78 "\340\262\271\340\263\215-\340\262\207"    9   31.298082  42.072815  34.815228
  79 "\340\262\271\340\263\215-\340\262\210"    1    7.353422  13.441867   2.430562
  80 "\340\262\271\340\263\215-\340\262\211"    7   25.729481  14.303999  15.825984
  81 "\340\262\271\340\263\215-\340\262\216"   14   40.683193  32.961525  30.270342
  82 "\340\262\271\340\263\215-\340\262\222"    4   11.462817  19.741488  13.632388
  83 "\340\262\271\340\263\215-\340\262\223"    3   12.022182  14.978823  25.944450
  84 "\340\262\237\340\263\215"   29  146.119232 117.771301  54.126778
  85 "\340\262\266\340\263\215+\340\262\205"   35   93.334145 108.337105 230.679764
  86 "\340\262\266\340\263\215+\340\262\206"    3    7.436499   8.282904  24.960112
  87 "\340\262\266\340\263\215+\340\262\207"   17   52.700680  57.226517 142.511398
  88 "\340\262\263\340\263\215-\340\262\207+\340\262\256\340\263\215"    2    2.010061   6.642749   2.000524
  89 "\340\262\246\340\263\215-\340\262\222+\340\262\256\340\263\215"    1    1.565480   2.018637   5.639625
  90 "\340\262\236\340\263\215-\340\262\206"    1    5.149478   7.582329   4.471670
  91 "\340\262\224-\340\262\256\340\263\215"    1   14.072371   6.464815   0.999694
  92 "\340\262\271\340\263\215-\340\262\222+\340\262\256\340\263\215"    6   14.359735  16.775967  22.482363
  93 "\340\262\233\340\263\215+\340\262\205"    2   18.191217  18.292116  13.986157
  94 "\340\262\233\340\263\215+\340\262\206"    2    6.959873   6.996596  68.034981
  95 "\340\262\233\340\263\215+\340\262\207"    1    1.984813   6.245666  57.745636
  96 "\340\262\233\340\263\215+\340\262\210"    1    1.004918   5.991430  53.061325
  97 "\340\262\260\340\263\215"   76  193.413895 120.628540 125.476456
  98 "\340\262\225\340\263\215-\340\262\205+\340\262\256\340\263\215"    2    3.239143   5.478541   2.014256
  99 "\340\262\250\340\263\215-\340\262\205+\340\262\256\340\263\215"    3    4.083537  13.540785   9.268470
 100 "\340\262\267\340\263\215+\340\262\205"   19   77.516151 141.832458  56.370304
 101 "\340\262\267\340\263\215+\340\262\206"    1    3.000030   7.009402   3.984174
 102 "\340\262\267\340\263\215+\340\262\207"   16   77.567146 100.382881  45.039394
 103 "\340\262\267\340\263\215+\340\262\210"    1    3.626290   7.921004   3.015351
 104 "\340\262\267\340\263\215+\340\262\216"    1    4.025059   6.479498   4.147439
 105 "\340\262\267\340\263\215+\340\262\217"    1    2.383020   5.897169   2.940542
 106 "\340\262\227\340\263\215"   22   32.715576  38.138805  51.701797
 107 "\340\262\246\340\263\215-\340\262\207+\340\262\256\340\263\215"   11   29.663326  28.156633  24.991957
 108 "\340\262\237\340\263\215-\340\262\205"   23   37.911781  88.966393  68.566475
 109 "\340\262\237\340\263\215-\340\262\206"    3   10.985342  21.383774  22.582588
 110 "\340\262\237\340\263\215-\340\262\207"   14   26.333853  76.631615  60.026382
 111 "\340\262\237\340\263\215-\340\262\210"    1    2.982191   3.052119   1.863080
 112 "\340\262\237\340\263\215-\340\262\211"    5   71.679840  55.396416  67.543594
 113 "\340\262\237\340\263\215-\340\262\212"    1    2.692965  11.572419   4.475001
 114 "\340\262\237\340\263\215-\340\262\213"    1    1.823422   2.003192   0.999990
 115 "\340\262\226\340\263\215-\340\262\205+\340\262\256\340\263\215"    4   37.861328   9.409879   7.525653
 116 "\340\262\211-\340\262\256\340\263\215"   11   95.039650  73.211548  26.913370
 117 "\340\262\244\340\263\215-\340\262\211+\340\262\256\340\263\215"    1    1.019876   0.999947   0.999947
 118 "\340\262\234\340\263\215+\340\262\205"   23   89.540886  85.253548  83.703217
 119 "\340\262\234\340\263\215+\340\262\206"    2    3.042870   4.929533   9.022581
 120 "\340\262\234\340\263\215+\340\262\207"   11   43.136261  48.350918  41.484535
 121 "\340\262\234\340\263\215+\340\262\210"    3   34.034119  12.544616  18.567774
 122 "\340\262\234\340\263\215+\340\262\211"    2    2.015195   6.224613  11.173870
 123 "\340\262\234\340\263\215+\340\262\216"    1    3.007785   4.385291   5.613365
 124 "\340\262\234\340\263\215+\340\262\220"    3   23.621946  15.332496  13.997241
 125 "\340\262\234\340\263\215+\340\262\223"    2   10.476833   8.544675  10.667777
 126 "\340\262\225\340\263\215-\340\262\206+\340\262\256\340\263\215"    1    2.932104   3.757867   3.992502
 127 "\340\262\250\340\263\215"   71  196.195648 229.030807 192.970688
 128 "\340\262\270\340\263\215-\340\262\224+\340\262\256\340\263\215"    1    9.041960   3.928147  18.733841
 129 "\340\262\216+\340\262\256\340\263\215"   17   22.757635  27.079899  54.867653
 130 "\340\262\257\340\263\215-\340\262\205"  115  188.626862 347.692047 1066.529297
 131 "\340\262\257\340\263\215-\340\262\206"   31   81.851448 233.018127 241.592484
 132 "\340\262\257\340\263\215-\340\262\207"    5    6.082753  16.854275  12.329243
 133 "\340\262\257\340\263\215-\340\262\211"   16  147.263489 110.694328 148.892395
 134 "\340\262\257\340\263\215-\340\262\216"    5   35.553314  25.415981  15.544437
 135 "\340\262\257\340\263\215-\340\262\217"    1    0.999830   6.940809   3.805563
 136 "\340\262\257\340\263\215-\340\262\223"    5   16.712151  34.584984  13.022149
 137 "\340\262\254\340\263\215+\340\262\205"   34  128.992279  55.850910  46.260677
 138 "\340\262\254\340\263\215+\340\262\206"    1    2.734201   1.026806   1.298975
 139 "\340\262\254\340\263\215+\340\262\207"    5   21.039433   8.059341   9.127048
 140 "\340\262\254\340\263\215+\340\262\210"    1    0.999886   0.999900   1.003964
 141 "\340\262\254\340\263\215+\340\262\211"    2    1.999519   2.075110   3.834987
 142 "\340\262\254\340\263\215+\340\262\216"    6   46.347775  13.063643  24.278212
 143 "\340\262\254\340\263\215+\340\262\217"    3    5.331901   4.305682  10.005066
 144 "\340\262\254\340\263\215+\340\262\222"    1    1.039589   1.252956   1.115421
 145 "\340\262\254\340\263\215+\340\262\223"    1   10.323771   1.633393   1.220463
 146 "\340\262\254\340\263\215+\340\262\224"    2    2.000865   2.050724   4.681919
 147 "\340\262\270\340\263\215+\340\262\205"   60  202.913513 394.078949 174.881073
 148 "\340\262\270\340\263\215+\340\262\206"   20   86.776291 175.926193  59.930294
 149 "\340\262\270\340\263\215+\340\262\207"   34  112.257332 197.106140  84.620918
 150 "\340\262\270\340\263\215+\340\262\210"    2    7.510057  16.920929   3.462190
 151 "\340\262\270\340\263\215+\340\262\211"   24   71.403679  98.353600 137.749756
 152 "\340\262\270\340\263\215+\340\262\212"    2    9.763611  18.363592  10.068929
 153 "\340\262\270\340\263\215+\340\262\216"    2    3.632653  14.189146   9.036509
 154 "\340\262\270\340\263\215+\340\262\217"    1    2.997253   7.964953   2.948951
 155 "\340\262\270\340\263\215+\340\262\220"    1    4.993529   5.795834   2.349974
 156 "\340\262\270\340\263\215+\340\262\222"    1    1.774124  12.491019   4.493498
 157 "\340\262\270\340\263\215+\340\262\223"    1    4.169737   6.823876   3.953086
 158 "\340\262\270\340\263\215+\340\262\224"    2    4.827777   4.163575   6.354219
 159 "\340\262\271\340\263\215"    2    1.999922   2.003892   2.001331
 160 "\340\262\212-\340\262\256\340\263\215"    6   16.368526  52.486366  11.291027
 161 "\340\262\252\340\263\215-\340\262\205+\340\262\256\340\263\215"    6   13.568938  15.495064  11.817616
 162 "\340\262\244\340\263\215-\340\262\212+\340\262\256\340\263\215"    3    7.997450   3.998602   7.939939
 163 "\340\262\235\340\263\215+\340\262\223"    1    4.570451   4.570423   8.071057
 164 "\340\262\205"   37  227.730301 178.621063  79.872643
 165 "\340\262\206"   37  313.661865 379.701721 202.225891
 166 "\340\262\207"   26  137.366577 132.391174 100.208435
 167 "\340\262\210"   16  108.400726 317.135345 171.693527
 168 "\340\262\211"   33  122.689705 176.741486 657.287842
 169 "\340\262\212"    8   68.035782  72.338348  38.831886
 170 "\340\262\213"    5   30.516392  37.987595  20.972759
 171 "\340\262\216"   16   26.374628  24.985312 171.555161
 172 "\340\262\217"   22  174.188293 255.870117  81.718819
 173 "\340\262\220"   10  105.282356  61.821030  32.127197
 174 "\340\262\222"   27  158.811020 137.290085  78.648178
 175 "\340\262\223"   11   84.174934 114.972656  56.381157
 176 "\340\262\224"   15  182.662521 585.822388 255.120682
 177 "\340\262\260\340\263\215-\340\262\205"  181  234.473190 511.651855 841.266357
 178 "\340\262\260\340\263\215-\340\262\206"   49   92.547127 378.942352 194.902802
 179 "\340\262\260\340\263\215-\340\262\207"   38   85.162056 182.228271 128.623596
 180 "\340\262\260\340\263\215-\340\262\210"    5   15.668159  27.137053  18.707972
 181 "\340\262\260\340\263\215-\340\262\211"   68  504.648163 437.624786 353.321808
 182 "\340\262\260\340\263\215-\340\262\212"    5    9.787348  26.782883  30.181229
 183 "\340\262\260\340\263\215-\340\262\216"   24  143.163406  99.150482  81.822006
 184 "\340\262\260\340\263\215-\340\262\217"    3    7.484835  33.389427   7.025221
 185 "\340\262\260\340\263\215-\340\262\222"    1    1.002406   5.973966   3.435465
 186 "\340\262\260\340\263\215-\340\262\223"    4    8.873568  27.063742  14.151018
 187 "\340\262\250\340\263\215-\340\262\207+\340\262\256\340\263\215"    3    6.585837   8.105032   7.414624
 188 "\340\262\255\340\263\215+\340\262\205"   19   53.079178  60.420696  43.329758
 189 "\340\262\255\340\263\215+\340\262\206"   35  158.652512 147.111786 193.589111
 190 "\340\262\255\340\263\215+\340\262\207"    5   13.002928   7.017725  12.539240
 191 "\340\262\255\340\263\215+\340\262\210"    1    0.999997   1.001852   1.004256
 192 "\340\262\255\340\263\215+\340\262\211"    3    5.927431   5.026291  14.044153
 193 "\340\262\255\340\263\215+\340\262\212"    4   10.678851   6.313923  22.056208
 194 "\340\262\255\340\263\215+\340\262\217"    1    3.170311   1.000327   4.842728
 195 "\340\262\225\340\263\215-\340\262\205"   65  146.106659 333.787903 395.291168
 196 "\340\262\225\340\263\215-\340\262\206"   20   83.479546 161.185074  82.139679
 197 "\340\262\225\340\263\215-\340\262\207"   18   49.420616  88.588242  89.079247
 198 "\340\262\225\340\263\215-\340\262\210"    2   12.174062  30.039110   2.848750
 199 "\340\262\225\340\263\215-\340\262\211"   14  134.650925  66.704414  32.290443
 200 "\340\262\225\340\263\215-\340\262\212"    7   17.842253  63.681293  53.424473
 201 "\340\262\225\340\263\215-\340\262\213"    3    6.200276  10.981316  11.013810
 202 "\340\262\225\340\263\215-\340\262\216"   32  283.636017 270.065399 271.121368
 203 "\340\262\225\340\263\215-\340\262\222"   10   25.172815  51.058121  31.292902
 204 "\340\262\225\340\263\215-\340\262\223"    2    8.383882   8.804852  12.279009
 205 "\340\262\263\340\263\215-\340\262\216+\340\262\256\340\263\215"    1    4.520362   1.056072   0.999895
 206 "\340\262\262\340\263\215-\340\262\217+\340\262\256\340\263\215"    1    1.010299   3.884009   4.592222
 207 "\340\262\245\340\263\215-\340\262\205"   13   21.796997  32.063225  21.057610
 208 "\340\262\245\340\263\215-\340\262\206"    8   37.639400  53.752350  39.095291
 209 "\340\262\245\340\263\215-\340\262\207"    2    6.279099   2.039741   8.215680
 210 "\340\262\245\340\263\215-\340\262\210"    1    3.949405   6.862289   1.000013
 211 "\340\262\245\340\263\215-\340\262\216"    3    8.622809   3.182574   4.198699
 212 "\340\262\245\340\263\215-\340\262\217"    1    5.879077   8.106997   6.286319
 213 "\340\262\256\340\263\215+\340\262\205"   79  364.193726 224.216980 161.714767
 214 "\340\262\256\340\263\215+\340\262\206"   32   98.932030  85.166252  83.772148
 215 "\340\262\256\340\263\215+\340\262\207"   10   19.695272  45.542057  20.030874
 216 "\340\262\256\340\263\215+\340\262\210"    5   18.003023  25.363770  11.384283
 217 "\340\262\256\340\263\215+\340\262\211"   23   71.324081  61.526402  59.353439
 218 "\340\262\256\340\263\215+\340\262\212"    5   16.953617  34.286606  11.873137
 219 "\340\262\256\340\263\215+\340\262\216"    5   15.056059  20.827980  20.062765
 220 "\340\262\256\340\263\215+\340\262\217"    8   39.170567  37.093132  13.902625
 221 "\340\262\256\340\263\215+\340\262\220"    2   10.082641   5.231043  12.723839
 222 "\340\262\256\340\263\215+\340\262\222"   14   55.436340  56.382912  28.235601
 223 "\340\262\256\340\263\215+\340\262\224"    1    0.999999   0.999999   0.999999
 224 "\340\262\246\340\263\215-\340\262\205"  197  456.871582 1253.576050 1961.961060
 225 "\340\262\246\340\263\215-\340\262\206"   13   48.044170 103.828835  64.714241
 226 "\340\262\246\340\263\215-\340\262\207"   37   81.765457 224.310150 126.274651
 227 "\340\262\246\340\263\215-\340\262\210"    1    4.096407   7.961604  12.933625
 228 "\340\262\246\340\263\215-\340\262\211"   54  643.207825 390.267456 482.945831
 229 "\340\262\246\340\263\215-\340\262\212"    5   22.025438  37.606548  25.414236
 230 "\340\262\246\340\263\215-\340\262\213"    2   10.903341   5.958675   4.938209
 231 "\340\262\246\340\263\215-\340\262\216"   32  365.019379 304.856262 218.862228
 232 "\340\262\246\340\263\215-\340\262\217"   19   64.020699 164.767807 102.993988
 233 "\340\262\246\340\263\215-\340\262\222"    5   15.970874  15.211689  15.485609
 234 "\340\262\260\340\263\215-\340\262\206+\340\262\256\340\263\215"    2    2.001265  12.391262   5.140712
 235 "\340\262\243\340\263\215+\340\262\205"   28   51.616760  79.614365  59.755463
 236 "\340\262\243\340\263\215+\340\262\206"    1    1.111320   2.258363   4.692705
 237 "\340\262\243\340\263\215+\340\262\207"   12   36.065342  39.986671  29.683229
 238 "\340\262\243\340\263\215+\340\262\211"    4    8.937990  10.214810  22.206963
 239 "\340\262\243\340\263\215+\340\262\216"    6   10.622787  19.458010  23.965956
 240 "\340\262\257\340\263\215-\340\262\207+\340\262\256\340\263\215"    4    4.818063  12.997837   6.720448
 241 "\340\262\241\340\263\215"    7   12.098380  18.421606  44.165169
 242 "\340\262\266\340\263\215-\340\262\205"   35   99.917587 124.409111 130.058456
 243 "\340\262\266\340\263\215-\340\262\206"    3   15.213903  18.590576  12.031981
 244 "\340\262\266\340\263\215-\340\262\207"   17   53.852589  29.129358  43.378090
 245 "\340\262\262\340\263\215-\340\262\205+\340\262\256\340\263\215"    1    1.004767   2.034700   1.088945
 246 "\340\262\233\340\263\215-\340\262\205"    1    0.999693   0.999693   1.000136
 247 "\340\262\233\340\263\215-\340\262\206"    2   46.375660  18.014307  10.792350
 248 "\340\262\233\340\263\215-\340\262\207"    1   15.906532   2.081135   1.255207
 249 "\340\262\233\340\263\215-\340\262\210"    1   18.811281  11.100766   3.058107
 250 "\340\262\262\340\263\215"   81  242.871796 214.907257 156.867630
 251 "\340\262\260\340\263\215-\340\262\207+\340\262\256\340\263\215"    5   14.337068  15.655926  10.189744
 252 "\340\262\244\340\263\215+\340\262\205"  110  429.493317 298.179443 230.472580
 253 "\340\262\244\340\263\215+\340\262\206"   16   61.839363  44.492519  43.123360
 254 "\340\262\244\340\263\215+\340\262\207"   31  100.456985  85.052551  47.246021
 255 "\340\262\244\340\263\215+\340\262\210"    5   17.102203  12.842889   8.960829
 256 "\340\262\244\340\263\215+\340\262\211"   47  133.565643 242.421921 211.824371
 257 "\340\262\244\340\263\215+\340\262\212"    4    9.317746   9.771882  15.942346
 258 "\340\262\244\340\263\215+\340\262\216"   12   41.535305  27.019909  43.143978
 259 "\340\262\244\340\263\215+\340\262\217"    1    6.990256   9.564566   1.919609
 260 "\340\262\244\340\263\215+\340\262\220"    1    2.911077   2.872185   3.092412
 261 "\340\262\212+\340\262\256\340\263\215"    1   10.282965   4.178960   6.068983
 262 "\340\262\267\340\263\215-\340\262\205"   19   39.952038  56.396896  58.076797
 263 "\340\262\267\340\263\215-\340\262\206"    1    3.466200   8.719908   3.815441
 264 "\340\262\267\340\263\215-\340\262\207"   16   38.998577  45.531151  37.882442
 265 "\340\262\267\340\263\215-\340\262\210"    1   18.428398  13.675876   0.999921
 266 "\340\262\267\340\263\215-\340\262\216"    1    3.459515   1.010381   0.999590
 267 "\340\262\267\340\263\215-\340\262\217"    1    1.994301   6.115237   3.288538
 268 "\340\262\256\340\263\215-\340\262\211+\340\262\256\340\263\215"    5    6.439994  14.163297  72.931046
 269 "\340\262\250\340\263\215-\340\262\216+\340\262\256\340\263\215"    3   15.985260   3.019183   5.920018
 270 "\340\262\262\340\263\215-\340\262\206+\340\262\256\340\263\215"    1    1.001199   6.351766   1.426018
 271 "\340\262\234\340\263\215-\340\262\205"   23   51.255398  77.573898  57.201637
 272 "\340\262\234\340\263\215-\340\262\206"    2   10.539046  13.794668  10.653780
 273 "\340\262\234\340\263\215-\340\262\207"   11   23.044888  23.135078  24.088596
 274 "\340\262\234\340\263\215-\340\262\210"    3    8.289790  28.703535  11.000016
 275 "\340\262\234\340\263\215-\340\262\211"    2   20.610764  12.350574   2.564854
 276 "\340\262\234\340\263\215-\340\262\216"    1    2.318241   0.999979   0.999977
 277 "\340\262\234\340\263\215-\340\262\220"    3   33.895218   9.818363   7.590345
 278 "\340\262\234\340\263\215-\340\262\223"    2    9.218128  17.827347   5.549497
 279 "\340\262\252\340\263\215"   53  278.067291 124.620415 130.477356
 280 "\340\262\222-\340\262\256\340\263\215"   39  105.927811 254.425217  61.193161
 281          "sil"  194  1980.892822 43932.167969 1466.431763
 282 "\340\262\254\340\263\215-\340\262\205"   27   50.115356 181.661957 166.913559
 283 "\340\262\254\340\263\215-\340\262\206"    1    2.773154  10.885141   2.942937
 284 "\340\262\254\340\263\215-\340\262\207"    4    6.000009  11.968685  13.319409
 285 "\340\262\254\340\263\215-\340\262\210"    1    1.034828   6.933090   2.359152
 286 "\340\262\254\340\263\215-\340\262\211"    2   15.127466   2.015784   1.999530
 287 "\340\262\254\340\263\215-\340\262\216"    5   25.183266  10.733561   9.470081
 288 "\340\262\254\340\263\215-\340\262\217"    3    5.038287  24.511644  13.437544
 289 "\340\262\254\340\263\215-\340\262\222"    1    1.456888   6.029179   3.229858
 290 "\340\262\254\340\263\215-\340\262\223"    1    3.806050  12.190626   5.822187
 291 "\340\262\254\340\263\215-\340\262\224"    2   38.652039   2.001327  56.138992
 292 "\340\262\270\340\263\215-\340\262\205"   48   98.482826 164.554855 108.509537
 293 "\340\262\270\340\263\215-\340\262\206"   20   84.275444 188.854645  62.946678
 294 "\340\262\270\340\263\215-\340\262\207"   31   81.840836 135.756622 114.471161
 295 "\340\262\270\340\263\215-\340\262\210"    2    6.701441  19.965176  43.238827
 296 "\340\262\270\340\263\215-\340\262\211"   24  182.889648  89.491264 330.352295
 297 "\340\262\270\340\263\215-\340\262\212"    2   10.086619  10.192973  10.790617
 298 "\340\262\270\340\263\215-\340\262\216"    1   17.835726  10.130430   3.570520
 299 "\340\262\270\340\263\215-\340\262\217"    1    2.171787   7.676963   4.278464
 300 "\340\262\270\340\263\215-\340\262\220"    1    8.449697   5.346088   1.001240
 301 "\340\262\270\340\263\215-\340\262\222"    1    1.978415   1.032448   4.600396
 302 "\340\262\270\340\263\215-\340\262\223"    1    4.214724   7.763279   1.199057
 303 "\340\262\270\340\263\215-\340\262\224"    1    1.180854   5.398892  11.384923
 304 "\340\262\265\340\263\215+\340\262\205"  115  339.051788 341.178284 167.034592
 305 "\340\262\265\340\263\215+\340\262\206"   35  115.772072 135.213348  46.553364
 306 "\340\262\265\340\263\215+\340\262\207"   26   36.970848  31.225906  52.659004
 307 "\340\262\265\340\263\215+\340\262\211"   25   95.908539 304.793243  46.165291
 308 "\340\262\265\340\263\215+\340\262\216"   10   18.229242  14.394046  31.442799
 309 "\340\262\265\340\263\215+\340\262\217"    1    3.077288   1.018873   6.964725
 310 "\340\262\265\340\263\215+\340\262\220"    2    3.795044   5.562615   9.858558
 311 "\340\262\265\340\263\215+\340\262\222"    5   19.560717  22.535147   6.580893
 312 "\340\262\246\340\263\215-\340\262\205+\340\262\256\340\263\215"    3    7.826869   7.169400   4.180363
 313 "\340\262\235\340\263\215-\340\262\223"    1    4.994823  12.845911  17.002670
 314 "\340\262\207-\340\262\256\340\263\215"   56  121.941505 467.182922 118.350365
 315 "\340\262\271\340\263\215-\340\262\205+\340\262\256\340\263\215"    1    2.058119   2.674687   1.021062
 316 "\340\262\244\340\263\215-\340\262\207+\340\262\256\340\263\215"    1    3.293478   2.655305   1.025939
 317 "\340\262\232\340\263\215+\340\262\205"   12   28.727720  40.872963  64.468315
 318 "\340\262\232\340\263\215+\340\262\206"    5   11.953441  17.951893  35.787067
 319 "\340\262\232\340\263\215+\340\262\207"   21   56.312607  61.742107  93.387985
 320 "\340\262\232\340\263\215+\340\262\210"    2    7.130084   8.019723  15.795841
 321 "\340\262\232\340\263\215+\340\262\211"    7   12.007750  19.811638  49.398155
 322 "\340\262\232\340\263\215+\340\262\216"    1    1.000176   2.350831   7.659425
 323 "\340\262\227\340\263\215-\340\262\222+\340\262\256\340\263\215"    6   15.272145  21.259460  20.395012
 324 "\340\262\255\340\263\215-\340\262\205"   19   45.029709 109.727898  76.109055
 325 "\340\262\255\340\263\215-\340\262\206"   35  286.708099 227.069107 191.302567
 326 "\340\262\255\340\263\215-\340\262\207"    5   18.377161  16.320116  18.645617
 327 "\340\262\255\340\263\215-\340\262\210"    1    3.997054  13.700115   1.000515
 328 "\340\262\255\340\263\215-\340\262\211"    3   22.996252  11.994746  16.963642
 329 "\340\262\255\340\263\215-\340\262\212"    4   11.722763  37.929840  13.306842
 330 "\340\262\255\340\263\215-\340\262\217"    1    9.943634   1.172590   5.745400
 331 "\340\262\263\340\263\215"   16   52.815681  51.587597  63.029011
 332 "\340\262\252\340\263\215+\340\262\205"   61  233.383286 133.639862 313.218079
 333 "\340\262\252\340\263\215+\340\262\206"    9   42.505093  19.817850  11.497712
 334 "\340\262\252\340\263\215+\340\262\207"    4   15.097564   7.211814  48.775703
 335 "\340\262\252\340\263\215+\340\262\211"    7   37.006187  22.293507  35.153969
 336 "\340\262\252\340\263\215+\340\262\212"    8   78.225639  23.103222   9.344351
 337 "\340\262\252\340\263\215+\340\262\216"    1    1.014570   2.225921   1.158873
 338 "\340\262\252\340\263\215+\340\262\220"    1    1.000599   1.998520   3.601119
 339 "\340\262\252\340\263\215+\340\262\223"    2    9.116045   3.994888   2.033619
 340 "\340\262\252\340\263\215+\340\262\224"    1    1.022608   2.948392   1.028978
 341 "\340\262\232\340\263\215"    6   78.556480  17.518663  16.998672
 342 "\340\262\270\340\263\215-\340\262\207+\340\262\256\340\263\215"    3    9.003297   4.241032   5.973066
 343 "\340\262\256\340\263\215-\340\262\205"   77  139.858688 282.544281 311.534912
 344 "\340\262\256\340\263\215-\340\262\206"   32   73.561661 287.014008 153.428558
 345 "\340\262\256\340\263\215-\340\262\207"   10   20.917662  55.827465  24.667397
 346 "\340\262\256\340\263\215-\340\262\210"    5   12.615210  90.603996  57.824097
 347 "\340\262\256\340\263\215-\340\262\211"   18  104.948471  73.441055  49.594589
 348 "\340\262\256\340\263\215-\340\262\212"    5    6.076535  60.817356  27.144979
 349 "\340\262\256\340\263\215-\340\262\216"    5   74.938972  48.091122  52.506775
 350 "\340\262\256\340\263\215-\340\262\217"    8   21.270878  85.878616  31.795132
 351 "\340\262\256\340\263\215-\340\262\220"    2   11.401407  20.977484  18.799112
 352 "\340\262\256\340\263\215-\340\262\222"   14   25.717625  74.366234  26.128378
 353 "\340\262\256\340\263\215-\340\262\224"    1    0.999999   0.999999  24.011925
 354 "\340\262\253\340\263\215"    4   34.059731  11.036650  41.953629
 355 "\340\262\260\340\263\215-\340\262\216+\340\262\256\340\263\215"    1    2.199355   1.000001   0.999865
 356 "\340\262\253\340\263\215+\340\262\205"    1   26.973042   4.976367   7.004059
 357 "\340\262\253\340\263\215+\340\262\216"    1    1.023670   5.979772   1.007002
 358 "\340\262\225\340\263\215-\340\262\211+\340\262\256\340\263\215"    3    6.965685   4.031362  34.997761
 359 "\340\262\271\340\263\215-\340\262\207+\340\262\256\340\263\215"   10   39.384567  19.028202  24.961693
 360 "\340\262\243\340\263\215-\340\262\205"   28   64.863213 151.548065 243.221130
 361 "\340\262\243\340\263\215-\340\262\206"    1    1.144279  10.897861   3.904098
 362 "\340\262\243\340\263\215-\340\262\207"   12   19.010420  93.259354  55.709103
 363 "\340\262\243\340\263\215-\340\262\211"    4   38.205502  10.727001  72.515083
 364 "\340\262\243\340\263\215-\340\262\216"    6   54.734707  42.543545  30.416618
 365 "\340\262\243\340\263\215"    2    4.200073   2.037040   2.438094
 366 "\340\262\240\340\263\215+\340\262\205"    2   18.711943  16.856976  84.102173
 367 "\340\262\240\340\263\215+\340\262\210"    1    0.999841   1.249335  62.896263
 368 "\340\262\240\340\263\215+\340\262\217"    1    1.221357   1.993978   0.999997
 369 "\340\262\233\340\263\215-\340\262\205+\340\262\256\340\263\215"    1    3.126352   6.863328   1.013737
 370 "\340\262\222+\340\262\256\340\263\215"   17  121.323250  93.067215  56.650665
 371 "\340\262\256\340\263\215-\340\262\205+\340\262\256\340\263\215"    2    2.018717   2.885541   2.936713
 372 "\340\262\250\340\263\215-\340\262\212+\340\262\256\340\263\215"    2    2.271413   8.680441   2.181518
 373 "\340\262\254\340\263\215-\340\262\207+\340\262\256\340\263\215"    1    2.360740   1.177516   1.059646
 374 "\340\262\244\340\263\215-\340\262\205"  104  191.904938 464.849701 507.985626
 375 "\340\262\244\340\263\215-\340\262\206"   16   59.595100 133.748962  90.404236
 376 "\340\262\244\340\263\215-\340\262\207"   30   67.480209 230.679047 157.658051
 377 "\340\262\244\340\263\215-\340\262\210"    5   15.050643  48.455967  16.797800
 378 "\340\262\244\340\263\215-\340\262\211"   46  512.378174 298.622681 392.421387
 379 "\340\262\244\340\263\215-\340\262\212"    1    4.029970   7.755619   1.002173
 380 "\340\262\244\340\263\215-\340\262\216"   11  128.474243  79.855637  97.439644
 381 "\340\262\244\340\263\215-\340\262\217"    1    2.080666   9.017751   5.967136
 382 "\340\262\244\340\263\215-\340\262\220"    1    9.308162   6.806624   1.000060
 383 "\340\262\216-\340\262\256\340\263\215"   28  275.858063 216.940491  58.723286
 384 "\340\262\252\340\263\215-\340\262\211+\340\262\256\340\263\215"    1    2.754238   0.999772   0.999772
 385 "\340\262\244\340\263\215-\340\262\216+\340\262\256\340\263\215"    1    5.720556   1.000478   0.999927
 386 "\340\262\241\340\263\215+\340\262\205"   27   45.509636  53.652355  43.619713
 387 "\340\262\241\340\263\215+\340\262\207"   20   26.969002  27.737169  28.767191
 388 "\340\262\241\340\263\215+\340\262\211"   13   24.974928  33.803726  39.038559
 389 "\340\262\241\340\263\215+\340\262\216"    8   17.786634  24.197964  14.037568
 390 "\340\262\257\340\263\215-\340\262\205+\340\262\256\340\263\215"    3    3.578519   4.937634   4.999676
 391 "\340\262\254\340\263\215"    7   46.330219  13.843633  19.058615
 392 "\340\262\217-\340\262\256\340\263\215"    2    2.734774  11.028003   2.007595
 393 "\340\262\260\340\263\215-\340\262\205+\340\262\256\340\263\215"    6   10.036338  10.317072  11.393255
 394 "\340\262\226\340\263\215+\340\262\205"   15   25.612392  35.898327 483.161926
 395 "\340\262\226\340\263\215+\340\262\206"    4   26.591785  16.141867 147.416794
 396 "\340\262\226\340\263\215+\340\262\207"    2   11.668571   7.969203  92.764389
 397 "\340\262\226\340\263\215+\340\262\211"    1    1.000034   0.999955 112.607605
 398 "\340\262\226\340\263\215+\340\262\212"    1    1.970847   1.002366  98.069450
 399 "\340\262\226\340\263\215+\340\262\217"    1    2.942132   1.027692  93.014114
 400 "\340\262\226\340\263\215+\340\262\220"    1    2.195003  10.790371   8.012835
 401 "\340\262\226\340\263\215+\340\262\223"    2    3.001234   4.033988  95.278473
 402 "\340\262\242\340\263\215+\340\262\205"    1   10.211972   3.055731   0.999905
 403 "\340\262\242\340\263\215+\340\262\206"    1   13.999435   5.396516   1.001093
 404 "\340\262\242\340\263\215+\340\262\207"    2    8.010749   2.001794   6.183060
 405 "\340\262\270\340\263\215-\340\262\216+\340\262\256\340\263\215"    1    1.000590   0.999914   0.999911
 406 "\340\262\257\340\263\215-\340\262\206+\340\262\256\340\263\215"    2    3.039936  17.015539   5.723676
 407 "\340\262\265\340\263\215-\340\262\205"  114  189.236191 423.464386 580.521545
 408 "\340\262\265\340\263\215-\340\262\206"   35   83.877792 300.825989 169.365128
 409 "\340\262\265\340\263\215-\340\262\207"   26   99.801765 106.945084  89.251617
 410 "\340\262\265\340\263\215-\340\262\211"   25   88.432663 146.510773 146.678543
 411 "\340\262\265\340\263\215-\340\262\216"   10  107.243530 102.479378  67.698128
 412 "\340\262\265\340\263\215-\340\262\217"    1    4.864081  19.772158   3.634013
 413 "\340\262\265\340\263\215-\340\262\220"    2   12.936374  10.999803   3.668964
 414 "\340\262\265\340\263\215-\340\262\222"    3   11.148088   8.996116   9.009346
 415 "\340\262\262\340\263\215+\340\262\205"   28   76.697357  57.785400  43.619076
 416 "\340\262\262\340\263\215+\340\262\206"   15   33.410816  33.669098  41.590031
 417 "\340\262\262\340\263\215+\340\262\207"   60   76.609146 283.865021 128.204239
 418 "\340\262\262\340\263\215+\340\262\211"    9   19.462215  26.451815  39.625137
 419 "\340\262\262\340\263\215+\340\262\212"    8   20.394728  10.692253  22.447498
 420 "\340\262\262\340\263\215+\340\262\216"   12   19.679632  61.410748  40.721531
 421 "\340\262\262\340\263\215+\340\262\217"    4    4.005227   5.686775   8.356833
 422 "\340\262\244\340\263\215"   98  366.122650 202.803528 234.665344
 423 "\340\262\232\340\263\215-\340\262\205"   12   25.063906  28.572979  18.978243
 424 "\340\262\232\340\263\215-\340\262\206"    5   21.530260  35.561073  20.962420
 425 "\340\262\232\340\263\215-\340\262\207"   21   53.537327  61.034424  99.463875
 426 "\340\262\232\340\263\215-\340\262\210"    2    5.411605  27.822582   3.985882
 427 "\340\262\232\340\263\215-\340\262\211"    7   79.160103  38.616634  75.780449
 428 "\340\262\232\340\263\215-\340\262\216"    1   14.509323  10.513786   4.262187
 429 "\340\262\227\340\263\215+\340\262\205"  125  217.521790 267.720001 214.782745
 430 "\340\262\227\340\263\215+\340\262\206"    6   10.087349  15.556855  45.227440
 431 "\340\262\227\340\263\215+\340\262\207"   47   93.430206 104.526466 112.990723
 432 "\340\262\227\340\263\215+\340\262\210"    1    1.001978   3.827815   3.248063
 433 "\340\262\227\340\263\215+\340\262\211"   16   38.842678  40.468185  77.346832
 434 "\340\262\227\340\263\215+\340\262\212"    3    4.818620   6.580005  10.716982
 435 "\340\262\227\340\263\215+\340\262\216"   13   19.343250  20.776575  51.397770
 436 "\340\262\227\340\263\215+\340\262\217"    1    1.192598   3.176959   3.775326
 437 "\340\262\227\340\263\215+\340\262\222"   10   40.010269  30.535192  30.253925
 438 "\340\262\265\340\263\215"    4    7.060284   5.234258  10.589355
 439 "\340\262\252\340\263\215-\340\262\205"   55   81.293312 175.922165 132.998886
 440 "\340\262\252\340\263\215-\340\262\206"    8   15.713708  70.459389  35.419079
 441 "\340\262\252\340\263\215-\340\262\207"    4   12.212902  27.900867  35.112061
 442 "\340\262\252\340\263\215-\340\262\211"    6   17.505802  12.876360   6.492282
 443 "\340\262\252\340\263\215-\340\262\212"    8   16.472130  65.765709  72.843239
 444 "\340\262\252\340\263\215-\340\262\216"    1    1.995178   1.002976   0.999731
 445 "\340\262\252\340\263\215-\340\262\220"    1    7.217308   4.163290   1.002298
 446 "\340\262\252\340\263\215-\340\262\223"    2    3.284630  21.144533   9.406642
 447 "\340\262\252\340\263\215-\340\262\224"    1    2.995680   0.999882  27.030821
 448 "\340\262\247\340\263\215+\340\262\205"   22   65.828102  70.041931  59.834663
 449 "\340\262\247\340\263\215+\340\262\206"    5   19.184471  12.653075  14.155263
 450 "\340\262\247\340\263\215+\340\262\207"    4   13.856507   8.407456   6.077793
 451 "\340\262\247\340\263\215+\340\262\210"    2    8.172825   9.532481   2.779886
 452 "\340\262\247\340\263\215+\340\262\211"    2    7.062201  10.023659   4.978639
 453 "\340\262\247\340\263\215+\340\262\212"    3    4.637470   7.996613   9.046937
 454 "\340\262\263\340\263\215+\340\262\205"   50  142.876099  82.445793  67.194176
 455 "\340\262\263\340\263\215+\340\262\206"    4   20.673861   4.975743   6.081318
 456 "\340\262\263\340\263\215+\340\262\207"   34   79.541901  71.911385  67.931061
 457 "\340\262\263\340\263\215+\340\262\211"   31  122.760033 162.531799 151.699066
 458 "\340\262\263\340\263\215+\340\262\212"    1    2.876691   2.970547   2.472295
 459 "\340\262\263\340\263\215+\340\262\216"    7   21.177244  15.346138  15.689896
 460 "\340\262\234\340\263\215"   12   38.504463  50.945663  66.580185
 461 "\340\262\265\340\263\215-\340\262\222+\340\262\256\340\263\215"    2    2.007966  10.559319   5.087520
 462 "\340\262\237\340\263\215-\340\262\211+\340\262\256\340\263\215"    1    3.963325   0.999807   0.999807
 463 "\340\262\205-\340\262\256\340\263\215"   63  157.544083 399.660736 161.670502
 464 "\340\262\244\340\263\215-\340\262\205+\340\262\256\340\263\215"    6   10.074678  22.710058  16.933069
 465 "\340\262\230\340\263\215+\340\262\205"    8  324.908966 187.097046  40.714146
 466 "\340\262\230\340\263\215+\340\262\206"    2  105.809975  21.801031  22.959124
 467 "\340\262\230\340\263\215+\340\262\223"    1   12.179266  44.971085   2.164418
 468 "\340\262\254\340\263\215-\340\262\216+\340\262\256\340\263\215"    1    3.994121   0.999902   0.999893
 469 "\340\262\253\340\263\215-\340\262\205"    1    3.946869   4.846156   1.010187
 470 "\340\262\253\340\263\215-\340\262\216"    1    0.999637   1.051302   2.777278
 471 "\340\262\250\340\263\215+\340\262\205"   91  259.343140 194.656311 211.088791
 472 "\340\262\250\340\263\215+\340\262\206"   33  114.945061  90.144455 109.683563
 473 "\340\262\250\340\263\215+\340\262\207"   26   79.228210  60.194126  44.037590
 474 "\340\262\250\340\263\215+\340\262\210"    1    3.991499   6.351440   1.362606
 475 "\340\262\250\340\263\215+\340\262\211"   29  112.192436 186.735825 149.560287
 476 "\340\262\250\340\263\215+\340\262\212"   18   74.479431  89.223000  58.712902
 477 "\340\262\250\340\263\215+\340\262\216"   37  114.688942  77.684700 118.587982
 478 "\340\262\250\340\263\215+\340\262\217"   15   56.200920  28.266832  33.905350
 479 "\340\262\250\340\263\215+\340\262\220"    1    4.284328   3.798232   4.094926
 480 "\340\262\250\340\263\215+\340\262\222"    2    1.999664   8.026777   7.903536
 481 "\340\262\250\340\263\215+\340\262\223"    1    3.040721   1.249097   4.256776
 482 "\340\262\225\340\263\215-\340\262\222+\340\262\256\340\263\215"    5   17.040318  18.316011  13.283719
 483 "\340\262\250\340\263\215-\340\262\222+\340\262\256\340\263\215"    1    1.001584   2.244365   4.464621
 484 "\340\262\206-\340\262\256\340\263\215"    9   32.072338  34.839699  26.195120
 485 "\340\262\270\340\263\215-\340\262\205+\340\262\256\340\263\215"   12   27.017714  28.162920  27.173513
 486 "\340\262\227\340\263\215-\340\262\205+\340\262\256\340\263\215"    3   11.525003  12.700158   6.960752
 487 "\340\262\240\340\263\215-\340\262\205"    2   23.449543  13.030615   2.326755
 488 "\340\262\240\340\263\215-\340\262\210"    1   10.449365  12.541869   4.737329
 489 "\340\262\240\340\263\215-\340\262\217"    1    9.762264   9.235538   4.005716
 490 "\340\262\225\340\263\215-\340\262\207+\340\262\256\340\263\215"    2    4.969594   2.036160   2.000467
 491 "\340\262\266\340\263\215"   15   60.554520  41.684113 177.675583
 492 "\340\262\271\340\263\215+\340\262\205"   28   66.457520 107.372452  96.614326
 493 "\340\262\271\340\263\215+\340\262\206"   15   37.153069  29.728500  47.916294
 494 "\340\262\271\340\263\215+\340\262\207"   19  138.651871  38.253719  34.777676
 495 "\340\262\271\340\263\215+\340\262\210"    1    1.111215   1.006614   1.017066
 496 "\340\262\271\340\263\215+\340\262\211"    7   11.341257  11.196085  21.365288
 497 "\340\262\271\340\263\215+\340\262\216"   14  101.507484  41.701569  81.799515
 498 "\340\262\271\340\263\215+\340\262\222"   10   60.570286  22.314425  39.259731
 499 "\340\262\271\340\263\215+\340\262\223"    3    5.988267   3.087717   6.918341
 500 "\340\262\230\340\263\215-\340\262\205+\340\262\256\340\263\215"    1   11.036553   7.487129   1.000401
 501 "\340\262\227\340\263\215-\340\262\206+\340\262\256\340\263\215"    1    5.032139   8.184821   3.856155
 502 "\340\262\241\340\263\215-\340\262\205"   26   71.062057 126.520584 116.040688
 503 "\340\262\241\340\263\215-\340\262\207"   20   47.131855 103.229111  71.541862
 504 "\340\262\241\340\263\215-\340\262\211"   13   69.076019  63.737816 150.911835
 505 "\340\262\241\340\263\215-\340\262\216"    8   52.162910  24.987652  30.660513
 506 "\340\262\252\340\263\215-\340\262\206+\340\262\256\340\263\215"    1    4.017693   6.307554   5.661010
 507 "\340\262\236\340\263\215+\340\262\206"    1    2.107911   2.107908   2.441625
 508 "\340\262\256\340\263\215"   11   26.571875  58.295498  23.275654
 509 "\340\262\254\340\263\215-\340\262\205+\340\262\256\340\263\215"    7   13.469666  21.728804  18.222692
 510 "\340\262\226\340\263\215-\340\262\205"   11   74.822273  26.430088  20.213451
 511 "\340\262\226\340\263\215-\340\262\206"    4   67.022491  28.942316  17.985292
 512 "\340\262\226\340\263\215-\340\262\207"    2   25.960569   3.488076   2.542746
 513 "\340\262\226\340\263\215-\340\262\211"    1    0.999999   4.976416   3.998743
 514 "\340\262\226\340\263\215-\340\262\212"    1   15.007359   9.112205   3.055856
 515 "\340\262\226\340\263\215-\340\262\217"    1   19.443958   7.571013   3.984715
 516 "\340\262\226\340\263\215-\340\262\220"    1   20.865490   8.503493   0.999958
 517 "\340\262\226\340\263\215-\340\262\223"    2   22.901350  19.063595   9.452644
 518 "\340\262\225\340\263\215"   63  273.536285 119.740646 371.444214
 519 "\340\262\242\340\263\215-\340\262\205"    1    0.999905   1.000167   1.011165
 520 "\340\262\242\340\263\215-\340\262\206"    1    3.464904   5.115868   5.021423
 521 "\340\262\242\340\263\215-\340\262\207"    2   10.557673   9.412616  16.281717
 522 "\340\262\237\340\263\215+\340\262\205"   23   74.921028  44.814831  51.169422
 523 "\340\262\237\340\263\215+\340\262\206"    3    8.999211   4.000014   6.966830
 524 "\340\262\237\340\263\215+\340\262\207"   14   36.656975  23.817526  23.896704
 525 "\340\262\237\340\263\215+\340\262\210"    1    1.001182   1.995937   1.016186
 526 "\340\262\237\340\263\215+\340\262\211"    6   28.623840  13.160645  21.154297
 527 "\340\262\237\340\263\215+\340\262\212"    1    5.931561   2.186065   1.180687
 528 "\340\262\237\340\263\215+\340\262\213"    1    0.999629   1.205349   2.050194
 529 "\340\262\262\340\263\215-\340\262\205"   27   54.935654 105.046036 124.218697
 530 "\340\262\262\340\263\215-\340\262\206"   14   54.849430 117.521332  68.278595
 531 "\340\262\262\340\263\215-\340\262\207"   56  110.499283 580.352173 557.064453
 532 "\340\262\262\340\263\215-\340\262\211"    9   66.411766  53.125202  97.964760
 533 "\340\262\262\340\263\215-\340\262\212"    8   26.277309  34.660007  42.875431
 534 "\340\262\262\340\263\215-\340\262\216"   12  110.970764  49.205536  95.927116
 535 "\340\262\262\340\263\215-\340\262\217"    3    4.003767  10.996857   7.006248
 536 "\340\262\246\340\263\215"   37  128.488922 173.640930  76.349419
 537 "\340\262\260\340\263\215-\340\262\222+\340\262\256\340\263\215"    1    1.000068   1.189727   4.320725
 538 "\340\262\257\340\263\215+\340\262\205"  118  298.344482 363.230957 301.236450
 539 "\340\262\257\340\263\215+\340\262\206"   33  103.420189 103.346939  97.984390
 540 "\340\262\257\340\263\215+\340\262\207"    9   18.162754  13.061459  10.048392
 541 "\340\262\257\340\263\215+\340\262\211"   16   58.443848  50.246014  44.499702
 542 "\340\262\257\340\263\215+\340\262\216"    5   19.339485  16.980825  10.804673
 543 "\340\262\257\340\263\215+\340\262\217"    1    3.845215   1.219236   0.999771
 544 "\340\262\257\340\263\215+\340\262\223"    5   33.296280  16.504543  13.164736
 545 "\340\262\227\340\263\215-\340\262\205"  122  432.371460 456.652557 365.592743
 546 "\340\262\227\340\263\215-\340\262\206"    5   26.280127  46.752728  16.976816
 547 "\340\262\227\340\263\215-\340\262\207"   47  174.773605 343.330933 274.907532
 548 "\340\262\227\340\263\215-\340\262\210"    1    3.954830  15.963984   1.873739
 549 "\340\262\227\340\263\215-\340\262\211"   16  181.015350 103.655220 229.896088
 550 "\340\262\227\340\263\215-\340\262\212"    3   18.035263  40.550266  23.149858
 551 "\340\262\227\340\263\215-\340\262\216"   13  152.403885 133.030411 159.365585
 552 "\340\262\227\340\263\215-\340\262\217"    1    4.893694  11.143733   3.628654
 553 "\340\262\227\340\263\215-\340\262\222"    4   23.316261  21.553133  13.088593
 554 "\340\262\267\340\263\215"   21   75.727959 202.899231  63.533482
